52.87222222222222 343.8865768015872 [7, 9, 7, 0, 11, 7, 9, 5, 11, 9, 12, 4, 9, 8, 5, 0, 3, 2, 15, 11, 1, 15, 7, 11, 9, 9, 1, 3, 3, 15, 14, 10, 13, 0, 9, 12, 4, 15, 7, 0, 11, 3, 7, 9, 5, 11, 4, 5, 9, 7, 3, 1, 11, 0, 1, 15, 4, 5, 11, 11, 9, 2, 12, 15, 13, 4, 15, 11, 4, 5, 9, 7, 3, 11, 4, 8, 0, 3, 4, 2, 7, 8, 0, 0, 5, 7, 15, 6, 3, 11, 4, 8, 0, 11, 1, 15]
53.50595238095239 280.30133658928577 [7, 9, 7, 0, 11, 7, 9, 5, 11, 9, 12, 4, 9, 8, 5, 0, 3, 15, 7, 2, 7, 9, 3, 11, 4, 0, 1, 11, 0, 4, 4, 0, 8, 5, 9, 7, 11, 3, 3, 7, 5, 0, 9, 8, 9, 5, 4, 4, 11, 9, 9, 1, 8, 5, 9, 7, 3, 4, 11, 4, 15, 1, 0, 11, 1, 3, 7, 9, 5, 4, 11, 11, 9, 8, 4, 8, 0, 3, 4, 11, 4, 3, 7, 9, 5, 8, 4, 7, 11, 12, 4, 9, 8, 9, 7, 15]
54.523809523809526 252.14077169841272 [11, 11, 3, 0, 11, 7, 9, 5, 11, 9, 12, 4, 9, 8, 5, 4, 4, 11, 7, 2, 7, 9, 5, 7, 11, 0, 1, 11, 0, 4, 4, 0, 8, 5, 9, 7, 11, 3, 3, 7, 5, 0, 9, 8, 9, 5, 4, 4, 11, 9, 9, 1, 8, 4, 11, 3, 7, 9, 5, 4, 11, 0, 3, 11, 8, 4, 11, 3, 7, 9, 5, 7, 4, 11, 9, 4, 12, 7, 3, 11, 4, 8, 1, 9, 3, 11, 7, 7, 11, 12, 9, 5, 8, 0, 4, 11]
54.523809523809526 252.14077169841272 [11, 11, 3, 0, 11, 7, 9, 5, 11, 9, 12, 4, 9, 8, 5, 4, 4, 11, 7, 2, 7, 9, 5, 7, 11, 0, 1, 11, 0, 4, 4, 0, 8, 5, 9, 7, 11, 3, 3, 7, 5, 0, 9, 8, 9, 5, 4, 4, 11, 9, 9, 1, 8, 4, 11, 3, 7, 9, 5, 4, 11, 0, 3, 11, 8, 4, 11, 3, 7, 9, 5, 7, 4, 11, 9, 4, 12, 7, 3, 11, 4, 8, 1, 9, 3, 11, 7, 7, 11, 12, 9, 5, 8, 0, 4, 11]
54.72380952380953 233.29605682142864 [7, 11, 9, 5, 4, 7, 9, 5, 9, 11, 2, 9, 5, 8, 5, 4, 4, 11, 7, 2, 7, 9, 5, 7, 11, 0, 1, 11, 0, 4, 4, 0, 8, 5, 9, 7, 11, 3, 3, 7, 5, 0, 9, 11, 4, 5, 4, 4, 11, 9, 9, 1, 8, 4, 11, 3, 7, 9, 5, 4, 11, 0, 3, 11, 8, 4, 11, 3, 7, 9, 5, 7, 3, 2, 11, 9, 5, 4, 11, 3, 9, 7, 11, 8, 0, 7, 4, 7, 11, 12, 4, 4, 5, 8, 9, 9]
56.92261904761905 226.27728979960318 [7, 11, 9, 5, 4, 7, 9, 5, 9, 11, 2, 9, 5, 8, 5, 4, 4, 11, 7, 2, 7, 9, 5, 7, 11, 0, 1, 11, 0, 4, 4, 0, 8, 5, 9, 7, 11, 3, 3, 7, 5, 0, 9, 8, 9, 5, 4, 4, 11, 9, 9, 1, 8, 5, 9, 7, 3, 4, 11, 4, 11, 0, 3, 11, 8, 4, 11, 3, 7, 9, 5, 7, 3, 2, 11, 9, 5, 9, 11, 3, 11, 4, 9, 5, 9, 7, 4, 11, 7, 9, 3, 11, 4, 4, 9, 9]
55.49404761904761 231.6918988075397 [7, 11, 9, 5, 4, 7, 9, 5, 9, 11, 2, 9, 5, 8, 5, 4, 4, 11, 7, 2, 7, 9, 5, 7, 11, 0, 1, 11, 0, 4, 4, 0, 8, 5, 9, 7, 11, 3, 3, 7, 5, 0, 9, 8, 9, 5, 4, 4, 11, 9, 9, 1, 8, 5, 9, 7, 3, 4, 11, 4, 3, 0, 8, 11, 8, 4, 11, 3, 7, 9, 5, 7, 3, 2, 11, 9, 5, 4, 11, 3, 9, 7, 7, 11, 5, 8, 4, 7, 9, 0, 11, 11, 5, 8, 9, 9]
53.083333333333336 332.79185744047595 [7, 9, 7, 0, 11, 7, 9, 5, 11, 9, 12, 4, 9, 8, 5, 0, 3, 2, 15, 11, 1, 15, 7, 11, 9, 9, 1, 3, 3, 15, 14, 10, 13, 0, 9, 12, 5, 4, 11, 15, 4, 13, 15, 12, 4, 5, 4, 4, 11, 9, 9, 1, 8, 4, 11, 3, 7, 9, 5, 4, 11, 0, 9, 7, 3, 11, 0, 7, 15, 4, 9, 7, 3, 11, 4, 8, 0, 3, 4, 2, 7, 8, 0, 0, 5, 7, 15, 6, 3, 11, 4, 8, 0, 11, 1, 15]
56.66428571428571 228.5280541388889 [7, 11, 9, 5, 4, 7, 9, 5, 9, 11, 2, 9, 5, 8, 5, 4, 4, 11, 7, 2, 7, 9, 5, 7, 11, 0, 1, 11, 0, 4, 4, 0, 8, 5, 9, 7, 11, 3, 3, 7, 5, 0, 9, 8, 9, 5, 4, 4, 11, 9, 9, 1, 8, 4, 11, 3, 7, 9, 5, 4, 11, 0, 3, 11, 8, 4, 11, 3, 7, 9, 5, 7, 4, 11, 9, 4, 12, 7, 11, 3, 0, 11, 4, 5, 9, 7, 3, 11, 7, 11, 4, 4, 5, 8, 9, 9]
57.785714285714285 209.9443240119047 [7, 11, 9, 5, 4, 7, 9, 5, 9, 11, 2, 9, 5, 8, 5, 4, 4, 11, 7, 2, 7, 9, 5, 7, 11, 0, 1, 11, 0, 4, 4, 0, 8, 5, 9, 7, 11, 3, 3, 7, 5, 0, 9, 8, 9, 5, 4, 4, 11, 9, 9, 1, 8, 4, 11, 3, 7, 9, 5, 4, 7, 0, 3, 9, 9, 7, 11, 3, 3, 7, 0, 11, 9, 11, 4, 5, 9, 7, 11, 3, 0, 11, 4, 5, 9, 7, 3, 11, 7, 11, 4, 4, 5, 8, 9, 9]
64.85714285714288 208.57023388095243 [11, 3, 7, 9, 9, 7, 11, 3, 3, 7, 0, 11, 9, 8, 5, 4, 4, 11, 7, 2, 7, 9, 5, 7, 11, 0, 1, 11, 0, 4, 4, 0, 8, 5, 9, 7, 11, 3, 3, 7, 5, 0, 9, 8, 9, 5, 4, 4, 11, 9, 9, 1, 8, 5, 11, 4, 7, 9, 5, 9, 4, 11, 3, 11, 9, 4, 11, 3, 7, 9, 5, 7, 4, 9, 9, 5, 4, 11, 3, 9, 7, 11, 11, 4, 3, 7, 9, 9, 3, 11, 4, 4, 9, 7, 11, 4]
61.5 209.4450923095238 [7, 11, 9, 5, 4, 7, 9, 5, 9, 11, 2, 9, 5, 8, 5, 4, 4, 11, 7, 2, 7, 9, 5, 7, 11, 0, 1, 11, 0, 4, 4, 0, 8, 5, 9, 7, 11, 3, 3, 7, 5, 0, 9, 8, 9, 5, 4, 4, 11, 9, 9, 1, 8, 5, 11, 4, 7, 9, 5, 9, 4, 11, 3, 11, 9, 4, 11, 3, 7, 9, 5, 7, 3, 2, 11, 9, 9, 7, 3, 11, 11, 7, 9, 4, 3, 3, 4, 11, 7, 11, 4, 4, 5, 4, 9, 9]
65.53571428571428 201.23422038095237 [7, 11, 9, 5, 4, 7, 9, 5, 9, 11, 2, 9, 5, 8, 5, 4, 4, 11, 7, 2, 7, 9, 5, 7, 11, 0, 1, 11, 0, 4, 4, 0, 8, 5, 9, 7, 11, 3, 3, 7, 5, 0, 9, 8, 9, 5, 4, 4, 11, 9, 9, 1, 8, 5, 11, 4, 7, 9, 5, 4, 7, 0, 3, 9, 9, 7, 11, 3, 3, 7, 0, 11, 9, 11, 7, 9, 11, 3, 9, 7, 11, 11, 4, 3, 7, 9, 7, 9, 3, 11, 4, 4, 9, 4, 9, 9]
53.90674603174604 307.5924155297618 [4, 11, 3, 0, 11, 7, 9, 5, 11, 9, 12, 4, 9, 8, 5, 0, 3, 15, 7, 2, 7, 9, 3, 11, 4, 8, 1, 11, 0, 4, 4, 0, 8, 5, 9, 7, 11, 3, 7, 0, 11, 3, 7, 9, 5, 11, 4, 5, 9, 7, 3, 1, 11, 0, 1, 15, 4, 5, 11, 11, 9, 2, 12, 15, 13, 4, 15, 11, 4, 5, 9, 7, 11, 0, 9, 4, 7, 0, 1, 15, 4, 5, 11, 11, 9, 2, 12, 15, 13, 4, 15, 11, 4, 5, 9, 9]
54.0952380952381 281.0714840992063 [11, 11, 3, 0, 11, 7, 9, 5, 11, 9, 12, 4, 9, 8, 5, 4, 4, 11, 7, 2, 7, 9, 5, 7, 11, 0, 1, 11, 0, 4, 4, 0, 8, 5, 9, 7, 11, 3, 3, 7, 5, 0, 9, 11, 9, 12, 4, 9, 11, 4, 7, 5, 9, 7, 3, 11, 4, 8, 11, 3, 0, 11, 4, 5, 9, 7, 3, 11, 4, 8, 1, 9, 9, 11, 4, 4, 5, 4, 11, 5, 9, 7, 11, 0, 3, 11, 7, 7, 11, 12, 9, 5, 8, 0, 4, 11]
54.0952380952381 281.0714840992063 [11, 11, 3, 0, 11, 7, 9, 5, 11, 9, 12, 4, 9, 8, 5, 4, 4, 11, 7, 2, 7, 9, 5, 7, 11, 0, 1, 11, 0, 4, 4, 0, 8, 5, 9, 7, 11, 3, 3, 7, 5, 0, 9, 11, 9, 12, 4, 9, 11, 4, 7, 5, 9, 7, 3, 11, 4, 8, 11, 3, 0, 11, 4, 5, 9, 7, 3, 11, 4, 8, 1, 9, 9, 11, 4, 4, 5, 4, 11, 5, 9, 7, 11, 0, 3, 11, 7, 7, 11, 12, 9, 5, 8, 0, 4, 11]
54.541666666666664 262.0480942400794 [11, 11, 9, 5, 11, 7, 9, 5, 9, 11, 2, 9, 5, 8, 0, 4, 4, 11, 7, 2, 7, 9, 5, 7, 11, 0, 1, 11, 0, 4, 4, 0, 8, 5, 9, 7, 11, 3, 3, 7, 5, 0, 9, 11, 4, 5, 4, 4, 11, 9, 9, 1, 8, 5, 9, 7, 3, 4, 11, 4, 3, 0, 8, 11, 8, 4, 11, 3, 7, 9, 8, 12, 4, 9, 11, 4, 7, 5, 9, 7, 3, 11, 4, 8, 11, 3, 0, 11, 4, 5, 9, 8, 9, 7, 11, 9]
55.464285714285715 246.3110773492064 [7, 11, 9, 5, 4, 7, 9, 5, 9, 11, 2, 9, 5, 8, 5, 4, 4, 11, 7, 2, 7, 9, 5, 7, 11, 0, 1, 11, 0, 4, 4, 0, 8, 5, 9, 7, 11, 3, 3, 7, 5, 0, 9, 8, 9, 5, 4, 4, 11, 9, 9, 1, 8, 5, 9, 7, 3, 4, 11, 4, 3, 0, 8, 4, 8, 9, 11, 11, 0, 2, 5, 7, 3, 2, 11, 9, 5, 4, 11, 3, 9, 7, 11, 8, 0, 7, 4, 7, 9, 0, 11, 11, 5, 8, 9, 9]
54.8547619047619 248.10249097222228 [11, 11, 9, 5, 11, 7, 9, 5, 9, 11, 2, 9, 5, 8, 0, 4, 4, 11, 7, 2, 7, 9, 5, 7, 11, 0, 1, 11, 0, 4, 4, 0, 8, 5, 9, 7, 11, 3, 3, 7, 5, 0, 9, 11, 4, 5, 4, 4, 11, 11, 0, 1, 8, 5, 9, 7, 3, 4, 11, 4, 3, 0, 8, 11, 8, 4, 11, 3, 7, 3, 0, 11, 4, 5, 9, 7, 3, 11, 4, 8, 1, 9, 9, 11, 3, 7, 7, 11, 4, 4, 5, 8, 9, 7, 11, 9]
57.71428571428571 226.79417863492068 [7, 11, 9, 5, 4, 7, 9, 5, 9, 11, 2, 9, 5, 8, 5, 4, 4, 11, 7, 2, 7, 9, 5, 7, 11, 0, 1, 11, 0, 4, 4, 0, 8, 5, 9, 7, 11, 3, 3, 7, 5, 0, 9, 8, 9, 5, 4, 4, 11, 9, 9, 1, 8, 4, 11, 3, 7, 9, 5, 4, 11, 0, 3, 11, 9, 7, 3, 4, 11, 4, 9, 7, 4, 8, 11, 3, 0, 11, 4, 5, 9, 7, 3, 11, 4, 8, 3, 11, 7, 11, 4, 4, 5, 8, 9, 9]
55.807142857142864 242.19598249206354 [7, 11, 9, 5, 4, 7, 9, 5, 9, 11, 2, 9, 5, 8, 5, 4, 4, 11, 7, 2, 7, 9, 5, 7, 11, 0, 1, 11, 0, 4, 4, 0, 8, 5, 9, 7, 11, 3, 3, 7, 5, 0, 9, 8, 9, 5, 4, 4, 11, 9, 9, 1, 8, 5, 11, 7, 3, 4, 11, 4, 15, 1, 0, 11, 1, 3, 7, 9, 5, 4, 11, 11, 9, 8, 11, 5, 9, 7, 3, 4, 11, 4, 9, 7, 3, 11, 4, 8, 1, 9, 9, 0, 11, 8, 9, 9]
55.866666666666674 239.12882026190485 [7, 11, 9, 5, 4, 7, 9, 5, 9, 11, 2, 9, 5, 8, 5, 4, 4, 11, 7, 2, 7, 9, 5, 7, 11, 0, 1, 11, 0, 4, 4, 0, 8, 5, 9, 7, 11, 3, 3, 7, 5, 0, 9, 8, 9, 5, 4, 4, 11, 9, 9, 1, 8, 5, 11, 7, 7, 3, 4, 4, 11, 0, 3, 11, 8, 4, 11, 3, 7, 9, 5, 7, 3, 2, 11, 9, 5, 4, 8, 4, 8, 9, 11, 11, 0, 2, 9, 11, 4, 5, 9, 7, 3, 11, 9, 9]
56.56547619047618 237.42704323214292 [7, 11, 9, 5, 4, 7, 9, 5, 9, 11, 2, 9, 5, 8, 5, 4, 4, 11, 7, 2, 7, 9, 5, 7, 11, 0, 1, 11, 0, 4, 4, 0, 8, 5, 9, 7, 11, 3, 3, 7, 5, 0, 9, 8, 9, 5, 4, 4, 11, 4, 3, 0, 8, 4, 8, 9, 11, 11, 0, 2, 11, 0, 3, 11, 8, 4, 11, 3, 7, 9, 5, 7, 3, 2, 11, 9, 5, 4, 9, 11, 4, 3, 7, 9, 5, 8, 4, 7, 9, 0, 11, 11, 5, 8, 9, 9]
56.607142857142854 232.0179522261905 [7, 11, 9, 5, 4, 7, 9, 5, 9, 11, 2, 9, 5, 8, 5, 4, 4, 11, 7, 2, 7, 9, 5, 7, 11, 0, 1, 11, 0, 4, 4, 0, 8, 5, 9, 7, 11, 3, 3, 7, 5, 0, 9, 11, 4, 5, 4, 4, 11, 9, 9, 1, 8, 4, 11, 3, 7, 9, 5, 4, 11, 0, 3, 11, 7, 5, 3, 11, 7, 9, 9, 0, 8, 4, 11, 9, 5, 9, 11, 3, 11, 4, 9, 5, 9, 7, 4, 11, 7, 9, 3, 11, 4, 8, 9, 9]
56.2952380952381 237.65622650396816 [7, 11, 9, 5, 4, 7, 9, 5, 9, 11, 2, 9, 5, 8, 5, 4, 4, 11, 7, 2, 7, 9, 5, 7, 11, 0, 1, 11, 0, 4, 4, 0, 8, 5, 9, 7, 11, 3, 3, 7, 5, 0, 9, 8, 9, 5, 4, 4, 11, 9, 9, 1, 8, 4, 11, 3, 7, 9, 5, 4, 7, 0, 4, 5, 9, 7, 3, 11, 4, 8, 1, 9, 9, 11, 4, 4, 5, 9, 0, 2, 9, 11, 4, 5, 9, 7, 3, 11, 7, 8, 11, 3, 0, 11, 9, 9]
53.53888888888889 337.16230145238075 [7, 9, 7, 0, 11, 7, 9, 5, 11, 9, 12, 4, 9, 8, 5, 0, 3, 2, 15, 11, 1, 15, 7, 11, 9, 9, 1, 3, 3, 15, 14, 10, 13, 5, 9, 8, 0, 7, 2, 4, 3, 0, 9, 9, 11, 7, 15, 1, 11, 4, 15, 1, 11, 0, 11, 3, 9, 9, 0, 5, 7, 3, 15, 4, 12, 9, 0, 4, 11, 15, 4, 13, 1, 15, 9, 0, 8, 4, 11, 3, 11, 4, 9, 5, 9, 7, 4, 7, 11, 12, 4, 9, 8, 11, 1, 15]
57.68571428571428 229.7175058531746 [7, 11, 9, 5, 4, 7, 9, 5, 9, 11, 2, 9, 5, 8, 5, 4, 4, 11, 7, 2, 7, 9, 5, 7, 11, 0, 1, 11, 0, 4, 4, 0, 8, 5, 9, 7, 11, 3, 3, 7, 5, 0, 9, 11, 4, 5, 9, 4, 11, 9, 9, 1, 8, 4, 11, 3, 7, 9, 5, 4, 11, 0, 3, 11, 8, 4, 11, 3, 7, 9, 5, 7, 3, 2, 11, 9, 4, 4, 11, 9, 9, 0, 8, 4, 11, 3, 7, 9, 5, 7, 11, 3, 0, 11, 9, 9]
59.28571428571428 212.87928338095242 [7, 11, 9, 5, 4, 7, 9, 5, 9, 11, 2, 9, 5, 8, 5, 4, 4, 11, 7, 2, 7, 9, 5, 7, 11, 0, 1, 11, 0, 4, 4, 0, 8, 5, 9, 7, 11, 3, 3, 7, 5, 0, 9, 8, 9, 5, 4, 4, 11, 9, 9, 1, 8, 5, 11, 3, 7, 9, 5, 4, 11, 0, 11, 3, 9, 7, 9, 7, 3, 4, 11, 11, 7, 9, 3, 11, 4, 5, 9, 11, 2, 3, 7, 5, 9, 7, 3, 11, 4, 9, 11, 3, 11, 4, 9, 9]
57.86666666666667 213.97854341269834 [7, 11, 9, 5, 4, 7, 9, 5, 9, 11, 2, 9, 5, 8, 5, 4, 4, 11, 7, 2, 7, 9, 5, 7, 11, 0, 1, 11, 0, 4, 4, 0, 8, 5, 9, 7, 11, 3, 3, 7, 5, 0, 9, 8, 9, 5, 4, 4, 11, 9, 9, 1, 8, 4, 11, 3, 7, 9, 5, 4, 11, 0, 3, 11, 8, 7, 11, 3, 7, 9, 5, 4, 11, 9, 4, 5, 9, 7, 11, 3, 0, 11, 4, 5, 9, 7, 3, 11, 7, 11, 4, 4, 0, 11, 9, 9]
65.08095238095238 209.20305757936515 [7, 11, 9, 5, 4, 7, 9, 5, 9, 11, 2, 9, 5, 8, 5, 4, 4, 11, 7, 2, 7, 9, 5, 7, 11, 0, 1, 11, 0, 4, 4, 0, 8, 5, 9, 7, 11, 3, 3, 7, 5, 0, 9, 8, 9, 5, 4, 4, 11, 9, 9, 1, 8, 5, 11, 3, 7, 9, 5, 4, 11, 0, 3, 11, 8, 4, 11, 3, 7, 9, 5, 7, 4, 9, 11, 0, 7, 3, 3, 11, 7, 9, 9, 7, 3, 11, 4, 4, 9, 7, 4, 5, 5, 8, 9, 9]
62.46428571428571 211.1308606825398 [7, 11, 9, 5, 4, 7, 9, 5, 9, 11, 2, 9, 5, 8, 5, 4, 4, 11, 7, 2, 7, 9, 5, 7, 11, 0, 1, 11, 0, 4, 4, 0, 8, 5, 9, 7, 11, 3, 3, 7, 5, 0, 9, 8, 7, 5, 9, 7, 2, 4, 4, 5, 9, 11, 11, 3, 7, 9, 5, 4, 7, 0, 3, 9, 9, 7, 11, 3, 3, 7, 0, 11, 9, 11, 4, 5, 9, 7, 3, 11, 4, 8, 0, 3, 11, 3, 9, 7, 7, 11, 4, 4, 5, 8, 9, 9]
73.85714285714286 207.24329127380963 [3, 11, 7, 9, 11, 7, 9, 5, 9, 11, 2, 9, 5, 8, 0, 4, 4, 11, 7, 2, 7, 9, 5, 7, 11, 0, 1, 11, 0, 4, 4, 0, 8, 5, 9, 7, 11, 3, 3, 7, 5, 0, 9, 8, 9, 5, 7, 11, 9, 4, 3, 0, 8, 4, 3, 3, 7, 9, 5, 4, 7, 0, 3, 9, 9, 7, 11, 3, 3, 7, 0, 11, 9, 11, 3, 11, 11, 0, 7, 3, 3, 11, 7, 9, 9, 7, 3, 11, 11, 7, 9, 4, 5, 4, 4, 11]
74.14285714285714 203.0284203809525 [3, 11, 7, 9, 11, 7, 9, 5, 9, 11, 2, 9, 5, 8, 0, 4, 4, 11, 7, 2, 7, 9, 5, 7, 11, 0, 1, 11, 0, 4, 4, 0, 8, 5, 9, 7, 11, 3, 3, 7, 5, 0, 9, 8, 9, 5, 7, 11, 9, 4, 3, 0, 8, 3, 7, 3, 7, 9, 5, 4, 7, 0, 3, 9, 9, 7, 11, 3, 3, 7, 0, 11, 9, 11, 7, 9, 9, 7, 3, 11, 11, 7, 9, 4, 3, 3, 4, 11, 7, 11, 4, 4, 5, 4, 4, 11]
54.0952380952381 283.1123792579364 [11, 11, 3, 0, 11, 7, 9, 5, 11, 9, 12, 4, 9, 8, 5, 4, 4, 11, 7, 2, 7, 9, 5, 7, 11, 0, 1, 11, 0, 4, 4, 0, 8, 5, 9, 7, 11, 3, 3, 7, 5, 0, 9, 8, 9, 12, 4, 9, 11, 4, 7, 5, 9, 7, 3, 11, 4, 8, 11, 3, 0, 11, 4, 5, 9, 7, 3, 11, 4, 8, 1, 9, 9, 11, 4, 4, 5, 9, 11, 5, 9, 7, 11, 0, 3, 11, 7, 7, 11, 12, 9, 5, 8, 0, 4, 11]
55.41666666666667 249.40165025000002 [11, 11, 3, 0, 11, 7, 9, 5, 11, 9, 12, 4, 9, 8, 5, 4, 4, 11, 7, 2, 7, 9, 5, 7, 11, 0, 1, 11, 0, 4, 4, 0, 8, 5, 9, 7, 11, 3, 3, 7, 5, 0, 9, 8, 9, 5, 4, 4, 11, 9, 9, 1, 8, 4, 11, 3, 7, 9, 5, 4, 11, 0, 3, 11, 7, 5, 9, 7, 4, 7, 11, 4, 11, 4, 3, 0, 8, 4, 11, 3, 11, 4, 9, 5, 9, 7, 4, 7, 11, 12, 4, 9, 8, 5, 4, 4]
55.041666666666664 271.8605745853175 [11, 11, 3, 0, 11, 7, 9, 5, 11, 9, 12, 4, 9, 8, 5, 4, 4, 11, 7, 2, 7, 9, 5, 7, 11, 0, 1, 11, 0, 4, 4, 0, 8, 5, 9, 7, 11, 3, 3, 7, 5, 0, 9, 8, 4, 5, 4, 4, 11, 9, 9, 1, 8, 4, 11, 3, 7, 9, 5, 4, 11, 0, 11, 9, 9, 1, 8, 4, 11, 3, 7, 9, 5, 4, 11, 0, 3, 11, 8, 4, 11, 3, 7, 9, 5, 11, 7, 7, 11, 12, 9, 5, 8, 0, 4, 11]
55.176190476190484 257.53261665079367 [7, 11, 9, 5, 4, 7, 9, 5, 9, 11, 2, 9, 5, 8, 5, 4, 4, 11, 7, 2, 7, 9, 5, 7, 11, 0, 1, 11, 0, 4, 4, 0, 8, 5, 9, 7, 11, 3, 3, 7, 5, 0, 9, 8, 9, 5, 4, 4, 11, 9, 9, 1, 8, 5, 11, 3, 7, 4, 11, 3, 7, 9, 5, 4, 11, 9, 2, 0, 11, 11, 9, 8, 4, 8, 0, 3, 7, 5, 9, 7, 3, 11, 4, 8, 11, 3, 0, 11, 4, 5, 9, 4, 5, 8, 9, 9]
55.071428571428584 270.2511833253968 [11, 11, 3, 0, 11, 7, 9, 5, 11, 9, 12, 4, 9, 8, 5, 4, 4, 11, 7, 2, 7, 9, 5, 7, 11, 0, 1, 11, 0, 4, 4, 0, 8, 5, 9, 7, 11, 3, 3, 7, 5, 0, 9, 11, 9, 12, 4, 9, 11, 4, 7, 5, 9, 7, 3, 11, 4, 8, 11, 3, 0, 11, 4, 5, 9, 7, 3, 11, 4, 8, 1, 9, 9, 11, 4, 9, 5, 4, 11, 3, 9, 7, 11, 8, 0, 7, 4, 7, 11, 12, 4, 4, 5, 0, 4, 11]
55.089285714285715 264.91859607341274 [11, 11, 3, 0, 11, 7, 9, 5, 11, 9, 12, 4, 9, 8, 5, 4, 4, 11, 7, 2, 7, 9, 5, 7, 11, 0, 1, 11, 0, 4, 4, 0, 8, 5, 9, 7, 11, 3, 3, 7, 5, 0, 9, 11, 4, 5, 4, 4, 11, 9, 9, 1, 8, 4, 11, 3, 7, 4, 7, 5, 9, 7, 3, 11, 4, 8, 11, 3, 0, 11, 4, 5, 9, 7, 3, 11, 4, 8, 1, 9, 9, 11, 4, 5, 9, 7, 3, 11, 7, 11, 9, 5, 8, 0, 4, 11]
54.98809523809525 282.2611622142859 [11, 11, 3, 0, 11, 7, 9, 5, 11, 9, 12, 4, 9, 8, 5, 4, 4, 11, 7, 2, 7, 9, 5, 7, 11, 0, 1, 11, 0, 4, 4, 0, 8, 5, 9, 7, 11, 3, 3, 7, 5, 0, 9, 8, 9, 5, 4, 4, 11, 9, 9, 1, 8, 5, 9, 7, 3, 4, 11, 7, 11, 3, 0, 11, 4, 5, 9, 7, 3, 11, 4, 8, 1, 9, 9, 11, 4, 4, 12, 7, 4, 11, 11, 0, 3, 11, 7, 7, 11, 12, 9, 5, 8, 0, 4, 11]
57.71428571428571 226.84521252380958 [7, 11, 9, 5, 4, 7, 9, 5, 9, 11, 2, 9, 5, 8, 5, 4, 4, 11, 7, 2, 7, 9, 5, 7, 11, 0, 1, 11, 0, 4, 4, 0, 8, 5, 9, 7, 11, 3, 3, 7, 5, 0, 9, 8, 9, 5, 4, 4, 11, 9, 9, 1, 8, 4, 11, 3, 7, 9, 5, 4, 11, 9, 5, 7, 3, 2, 11, 9, 5, 4, 11, 3, 9, 7, 11, 8, 0, 3, 4, 0, 11, 11, 3, 7, 7, 11, 4, 4, 5, 3, 4, 11, 9, 4, 9, 9]
56.80714285714286 233.9474416388889 [7, 11, 9, 5, 4, 7, 9, 5, 9, 11, 2, 9, 5, 8, 5, 4, 4, 11, 7, 2, 7, 9, 5, 7, 11, 0, 1, 11, 0, 4, 4, 0, 8, 5, 9, 7, 11, 3, 3, 7, 5, 0, 9, 8, 9, 5, 4, 4, 11, 9, 9, 1, 8, 4, 11, 3, 7, 9, 5, 4, 8, 5, 4, 4, 11, 7, 11, 3, 7, 9, 5, 4, 11, 0, 3, 11, 7, 12, 4, 9, 11, 4, 7, 5, 9, 7, 3, 11, 4, 8, 11, 3, 0, 11, 9, 9]
56.295238095238105 239.510202718254 [7, 11, 9, 5, 4, 7, 9, 5, 9, 11, 2, 9, 5, 8, 5, 4, 4, 11, 7, 2, 7, 9, 5, 7, 11, 0, 1, 11, 0, 4, 4, 0, 8, 5, 9, 7, 11, 3, 3, 7, 5, 0, 9, 8, 9, 5, 4, 4, 11, 9, 9, 1, 8, 5, 11, 7, 7, 3, 11, 5, 4, 4, 0, 11, 1, 3, 7, 9, 5, 4, 11, 11, 9, 8, 4, 8, 0, 3, 4, 11, 11, 4, 9, 7, 3, 11, 4, 8, 1, 9, 9, 0, 11, 8, 9, 9]
53.666666666666664 342.6361427976188 [7, 9, 7, 0, 11, 7, 9, 5, 11, 9, 12, 4, 9, 8, 5, 0, 3, 2, 15, 11, 1, 15, 7, 11, 9, 9, 1, 3, 3, 15, 14, 10, 13, 0, 9, 12, 4, 15, 6, 3, 11, 0, 2, 11, 4, 5, 9, 7, 2, 4, 3, 0, 8, 4, 11, 3, 7, 9, 5, 4, 11, 9, 2, 0, 8, 5, 9, 7, 3, 11, 0, 7, 9, 0, 8, 9, 4, 7, 11, 4, 11, 9, 9, 5, 9, 7, 3, 11, 4, 8, 0, 11, 5, 0, 1, 15]
53.56666666666667 347.1207684920633 [7, 9, 7, 0, 11, 7, 9, 5, 11, 9, 12, 4, 9, 8, 5, 0, 3, 2, 15, 11, 1, 15, 7, 11, 9, 9, 1, 3, 3, 15, 14, 10, 13, 5, 9, 8, 0, 7, 2, 4, 3, 0, 9, 9, 11, 7, 15, 1, 11, 4, 15, 1, 11, 0, 11, 3, 11, 4, 9, 15, 7, 5, 0, 0, 8, 5, 9, 7, 2, 8, 0, 9, 15, 1, 13, 4, 15, 11, 4, 0, 9, 12, 4, 15, 3, 7, 5, 0, 9, 9, 4, 8, 0, 11, 1, 15]
60.95238095238095 213.11012635714286 [7, 11, 9, 5, 4, 7, 9, 5, 9, 11, 2, 9, 5, 8, 5, 4, 4, 11, 7, 2, 7, 9, 5, 7, 11, 0, 1, 11, 0, 4, 4, 0, 8, 5, 9, 7, 11, 3, 3, 7, 5, 0, 9, 8, 9, 5, 4, 4, 11, 9, 9, 1, 8, 5, 11, 4, 7, 9, 5, 9, 4, 11, 7, 11, 9, 4, 11, 3, 7, 9, 5, 7, 3, 2, 11, 9, 5, 4, 11, 3, 9, 7, 11, 11, 4, 3, 7, 9, 7, 9, 3, 11, 4, 4, 9, 7]
58.523809523809526 214.96208296031753 [11, 9, 9, 5, 11, 7, 9, 5, 9, 11, 2, 9, 5, 8, 0, 4, 4, 11, 7, 2, 7, 9, 5, 7, 11, 0, 1, 11, 0, 4, 4, 0, 8, 5, 9, 7, 11, 3, 3, 7, 5, 0, 9, 11, 4, 5, 4, 4, 11, 9, 9, 1, 8, 4, 7, 3, 11, 11, 0, 4, 3, 0, 8, 9, 9, 7, 11, 3, 3, 7, 0, 11, 9, 11, 4, 5, 9, 7, 3, 11, 4, 11, 4, 5, 9, 7, 3, 11, 7, 11, 4, 4, 5, 8, 9, 7]
58.70238095238095 214.11528385714286 [7, 11, 9, 5, 4, 7, 9, 5, 9, 11, 2, 9, 5, 8, 5, 4, 4, 11, 7, 2, 7, 9, 5, 7, 11, 0, 1, 11, 0, 4, 4, 0, 8, 5, 9, 7, 11, 3, 3, 7, 5, 0, 9, 8, 9, 5, 4, 4, 11, 9, 9, 1, 8, 5, 11, 4, 7, 9, 5, 9, 4, 11, 3, 11, 9, 4, 11, 3, 7, 9, 5, 7, 3, 2, 11, 9, 5, 4, 11, 3, 9, 7, 11, 11, 4, 3, 7, 9, 7, 9, 3, 11, 4, 4, 9, 9]
58.02142857142857 223.40032712698414 [7, 11, 9, 5, 4, 7, 9, 5, 9, 11, 2, 9, 5, 8, 5, 4, 4, 11, 7, 2, 7, 9, 5, 7, 11, 0, 1, 11, 0, 4, 4, 0, 8, 5, 9, 7, 11, 3, 3, 7, 5, 0, 9, 8, 9, 5, 4, 4, 11, 4, 3, 0, 8, 4, 11, 3, 7, 9, 5, 5, 4, 4, 11, 7, 7, 3, 11, 11, 0, 9, 9, 7, 3, 2, 11, 9, 5, 4, 11, 3, 9, 7, 11, 8, 0, 7, 4, 7, 11, 2, 9, 11, 4, 8, 9, 9]
67.89285714285714 210.9042321309524 [3, 11, 7, 9, 11, 7, 9, 5, 9, 11, 2, 9, 5, 8, 0, 4, 4, 11, 7, 2, 7, 9, 5, 7, 11, 0, 1, 11, 0, 4, 4, 0, 8, 5, 9, 7, 11, 3, 3, 7, 5, 0, 9, 8, 9, 5, 9, 7, 2, 4, 3, 0, 8, 4, 11, 3, 7, 9, 5, 4, 7, 0, 3, 9, 9, 7, 11, 3, 3, 7, 0, 11, 9, 11, 4, 5, 9, 7, 4, 4, 9, 11, 11, 0, 7, 3, 3, 11, 7, 9, 9, 3, 0, 7, 4, 11]
68.03571428571428 209.4822657380952 [7, 11, 9, 5, 4, 7, 9, 5, 9, 11, 2, 9, 5, 8, 5, 4, 4, 11, 7, 2, 7, 9, 5, 7, 11, 0, 1, 11, 0, 4, 4, 0, 8, 5, 9, 7, 11, 3, 3, 7, 5, 0, 9, 8, 9, 5, 4, 4, 11, 9, 9, 1, 8, 5, 11, 4, 11, 9, 5, 4, 7, 0, 3, 9, 9, 7, 11, 3, 3, 7, 0, 11, 9, 11, 7, 3, 7, 9, 7, 9, 3, 11, 4, 4, 9, 5, 9, 7, 4, 9, 11, 3, 11, 4, 9, 9]
64.84523809523812 211.24451179761905 [7, 9, 4, 9, 4, 11, 3, 11, 9, 4, 11, 3, 7, 9, 5, 7, 3, 11, 7, 2, 7, 9, 5, 7, 11, 0, 1, 11, 0, 4, 4, 0, 8, 5, 9, 7, 11, 3, 3, 7, 5, 0, 9, 8, 9, 5, 4, 4, 11, 9, 9, 1, 8, 5, 11, 3, 7, 9, 5, 4, 11, 0, 3, 11, 8, 4, 11, 3, 7, 9, 5, 7, 4, 11, 4, 5, 9, 7, 11, 3, 0, 11, 4, 5, 9, 7, 3, 11, 7, 11, 4, 4, 5, 8, 9, 11]
62.85714285714286 212.44895448809527 [4, 9, 9, 5, 4, 7, 9, 5, 9, 11, 2, 9, 5, 8, 5, 4, 4, 11, 7, 2, 7, 9, 5, 7, 11, 0, 1, 11, 0, 4, 4, 0, 8, 5, 9, 7, 11, 3, 3, 7, 5, 0, 9, 8, 9, 5, 4, 4, 11, 9, 9, 1, 8, 4, 11, 3, 7, 9, 5, 4, 11, 0, 9, 7, 11, 11, 4, 3, 7, 9, 7, 9, 3, 11, 4, 4, 9, 7, 11, 9, 11, 3, 11, 11, 4, 5, 9, 7, 3, 3, 7, 5, 9, 7, 3, 11]
77.97619047619047 203.35862151190486 [3, 11, 7, 9, 11, 7, 9, 5, 9, 11, 2, 9, 5, 8, 0, 4, 4, 11, 7, 2, 7, 9, 5, 7, 11, 0, 1, 11, 0, 4, 4, 0, 8, 5, 9, 7, 11, 3, 3, 7, 5, 0, 9, 8, 9, 5, 7, 11, 9, 4, 3, 0, 8, 4, 3, 7, 7, 9, 5, 4, 7, 0, 3, 9, 9, 7, 11, 3, 3, 7, 0, 11, 9, 11, 7, 3, 3, 11, 7, 9, 9, 7, 3, 11, 11, 7, 9, 4, 3, 11, 4, 4, 5, 4, 4, 11]
75.57142857142857 206.2901151666666 [11, 4, 9, 5, 9, 7, 9, 5, 9, 11, 2, 9, 5, 8, 0, 4, 4, 11, 7, 2, 7, 9, 5, 7, 11, 0, 1, 11, 0, 4, 4, 0, 8, 5, 9, 7, 11, 3, 3, 7, 5, 0, 9, 8, 4, 5, 9, 7, 2, 4, 3, 0, 8, 4, 11, 3, 7, 9, 5, 4, 7, 0, 3, 9, 9, 7, 11, 3, 3, 7, 0, 11, 9, 11, 7, 9, 7, 4, 11, 3, 11, 4, 9, 5, 9, 7, 7, 9, 5, 7, 11, 3, 0, 7, 11, 3]
54.53174603174603 283.2264309246032 [11, 11, 3, 0, 11, 7, 9, 5, 11, 9, 12, 4, 9, 8, 5, 0, 3, 2, 15, 11, 1, 15, 7, 11, 9, 0, 1, 11, 0, 4, 4, 0, 8, 5, 9, 7, 11, 3, 3, 7, 5, 0, 9, 8, 9, 5, 4, 4, 11, 9, 9, 1, 8, 4, 11, 3, 7, 9, 5, 9, 7, 0, 11, 4, 2, 11, 7, 11, 3, 5, 9, 7, 3, 11, 4, 8, 0, 3, 4, 2, 7, 8, 0, 0, 5, 7, 15, 12, 2, 9, 11, 11, 5, 4, 3, 11]
54.119047619047635 319.85750786507924 [7, 9, 7, 0, 11, 7, 9, 5, 11, 9, 12, 4, 9, 8, 5, 0, 3, 15, 7, 2, 7, 9, 3, 11, 4, 8, 1, 11, 0, 4, 4, 0, 8, 5, 9, 7, 11, 3, 7, 0, 11, 3, 13, 4, 15, 11, 4, 5, 9, 7, 3, 1, 11, 0, 1, 15, 4, 5, 11, 11, 9, 2, 12, 15, 13, 4, 15, 11, 4, 5, 9, 7, 3, 11, 4, 5, 9, 7, 3, 1, 4, 13, 15, 12, 2, 9, 11, 11, 5, 4, 0, 11, 1, 0, 7, 15]
55.41666666666667 255.78527942857144 [11, 11, 3, 0, 11, 7, 9, 5, 11, 9, 12, 4, 9, 8, 5, 4, 4, 11, 7, 2, 7, 9, 5, 7, 11, 0, 1, 11, 0, 4, 4, 0, 8, 5, 9, 7, 11, 3, 3, 7, 5, 0, 9, 8, 9, 5, 4, 4, 11, 9, 9, 1, 8, 4, 11, 3, 7, 9, 5, 4, 11, 9, 2, 11, 7, 5, 9, 7, 4, 7, 11, 4, 11, 4, 3, 0, 8, 4, 11, 3, 11, 4, 9, 5, 9, 7, 4, 7, 11, 12, 4, 9, 8, 5, 4, 4]
55.46428571428571 251.76112067063488 [7, 11, 9, 5, 4, 7, 9, 5, 9, 11, 2, 9, 5, 8, 5, 4, 4, 11, 7, 2, 7, 9, 5, 7, 11, 0, 1, 11, 0, 4, 4, 0, 8, 5, 9, 7, 11, 3, 3, 7, 5, 0, 9, 8, 9, 5, 4, 4, 11, 9, 9, 1, 8, 5, 11, 7, 7, 3, 4, 4, 11, 3, 7, 9, 5, 4, 11, 9, 2, 0, 11, 11, 9, 8, 4, 8, 0, 3, 4, 11, 4, 3, 7, 9, 5, 8, 4, 7, 9, 0, 11, 11, 5, 8, 9, 9]
55.30952380952382 265.5491562817461 [7, 11, 3, 0, 11, 7, 9, 5, 11, 9, 12, 4, 9, 8, 5, 4, 4, 11, 7, 2, 7, 9, 5, 7, 11, 0, 1, 11, 0, 4, 4, 0, 8, 5, 9, 7, 11, 3, 3, 7, 5, 0, 9, 8, 9, 5, 4, 4, 11, 9, 9, 1, 8, 5, 9, 7, 3, 4, 11, 4, 3, 0, 8, 4, 8, 9, 11, 3, 11, 4, 9, 5, 9, 7, 4, 7, 11, 3, 11, 11, 3, 0, 11, 7, 9, 5, 11, 9, 12, 4, 9, 8, 5, 4, 4, 11]
55.214285714285715 273.2401515436509 [11, 11, 3, 0, 11, 7, 9, 5, 9, 9, 12, 4, 9, 8, 5, 0, 3, 2, 15, 11, 1, 15, 7, 11, 9, 9, 1, 11, 0, 4, 4, 0, 8, 5, 9, 7, 11, 3, 3, 7, 5, 0, 9, 8, 9, 5, 4, 4, 11, 9, 9, 1, 8, 4, 11, 3, 7, 9, 5, 4, 11, 0, 3, 11, 8, 4, 11, 3, 7, 9, 5, 7, 4, 11, 9, 4, 12, 7, 3, 11, 4, 8, 1, 9, 3, 11, 7, 7, 11, 12, 9, 5, 8, 0, 4, 11]
57.25952380952381 237.29788904365083 [7, 11, 9, 5, 4, 7, 9, 5, 9, 11, 2, 9, 5, 8, 5, 4, 4, 11, 7, 2, 7, 9, 5, 7, 11, 0, 1, 11, 0, 4, 4, 0, 8, 5, 9, 7, 11, 3, 3, 7, 5, 0, 9, 8, 9, 5, 4, 4, 11, 9, 9, 1, 8, 4, 11, 3, 7, 9, 5, 7, 4, 3, 11, 5, 4, 4, 11, 9, 9, 0, 8, 4, 11, 3, 7, 9, 5, 7, 3, 2, 11, 9, 5, 4, 11, 3, 9, 7, 7, 11, 4, 4, 5, 8, 9, 9]
57.26190476190476 234.6831566904761 [7, 11, 9, 5, 11, 7, 9, 5, 9, 11, 2, 9, 5, 8, 0, 4, 4, 11, 7, 2, 7, 9, 5, 7, 11, 0, 1, 11, 0, 4, 4, 0, 8, 5, 9, 7, 11, 3, 3, 7, 5, 0, 9, 11, 4, 5, 4, 4, 11, 9, 9, 1, 8, 4, 11, 3, 7, 9, 5, 4, 11, 0, 3, 11, 9, 11, 7, 9, 8, 5, 4, 4, 11, 7, 7, 3, 11, 11, 0, 4, 3, 0, 8, 11, 7, 9, 3, 11, 11, 9, 9, 1, 8, 5, 7, 9]
56.422619047619044 246.51117469642858 [7, 11, 9, 5, 4, 7, 9, 5, 9, 11, 2, 9, 5, 8, 5, 4, 4, 11, 7, 2, 7, 9, 5, 7, 11, 0, 1, 11, 0, 4, 4, 0, 8, 5, 9, 7, 11, 3, 3, 7, 5, 0, 9, 8, 9, 5, 4, 4, 11, 9, 9, 1, 8, 5, 9, 7, 3, 4, 11, 4, 15, 1, 0, 11, 1, 3, 7, 9, 5, 4, 11, 4, 9, 7, 3, 11, 4, 8, 1, 9, 9, 0, 11, 11, 3, 7, 7, 11, 3, 11, 4, 4, 5, 8, 9, 9]
56.59285714285715 241.79300813095233 [7, 11, 9, 5, 4, 7, 9, 5, 9, 11, 2, 9, 5, 8, 5, 4, 4, 11, 7, 2, 7, 9, 5, 7, 11, 0, 1, 11, 0, 4, 4, 0, 8, 5, 9, 7, 11, 3, 3, 7, 5, 0, 9, 8, 9, 5, 4, 4, 11, 9, 9, 1, 8, 4, 11, 3, 7, 9, 5, 4, 11, 11, 4, 5, 9, 7, 3, 11, 4, 8, 1, 9, 9, 11, 4, 4, 5, 9, 0, 2, 9, 11, 4, 5, 9, 7, 3, 11, 7, 11, 4, 4, 5, 8, 9, 9]
57.041666666666664 240.70372202579375 [11, 11, 3, 0, 11, 7, 9, 5, 11, 9, 12, 4, 9, 8, 5, 4, 4, 11, 7, 2, 7, 9, 5, 7, 11, 0, 1, 11, 0, 4, 4, 0, 8, 5, 9, 7, 11, 3, 3, 7, 5, 0, 9, 8, 9, 5, 4, 4, 11, 9, 9, 1, 8, 4, 11, 3, 7, 9, 5, 0, 3, 11, 8, 4, 11, 3, 7, 9, 5, 7, 4, 11, 9, 9, 4, 4, 11, 9, 9, 1, 8, 4, 11, 3, 11, 7, 3, 9, 7, 11, 9, 0, 4, 11, 4, 11]
53.714285714285715 369.45538974603147 [7, 9, 7, 0, 11, 7, 9, 5, 11, 9, 12, 4, 9, 8, 5, 0, 3, 2, 15, 11, 1, 15, 7, 11, 9, 9, 1, 3, 3, 15, 14, 10, 13, 0, 9, 12, 4, 15, 6, 3, 11, 0, 2, 11, 4, 5, 9, 7, 2, 4, 3, 0, 8, 4, 11, 3, 7, 9, 5, 4, 11, 15, 4, 13, 15, 12, 2, 9, 11, 11, 5, 4, 3, 11, 0, 7, 9, 0, 8, 9, 5, 8, 0, 0, 5, 7, 15, 6, 3, 11, 4, 8, 0, 11, 1, 15]
58.702380952380956 220.04855512698416 [7, 11, 9, 5, 4, 7, 9, 5, 9, 11, 2, 9, 5, 8, 5, 4, 4, 11, 7, 2, 7, 9, 5, 7, 11, 0, 1, 11, 0, 4, 4, 0, 8, 5, 9, 7, 11, 3, 3, 7, 5, 0, 9, 8, 9, 5, 4, 4, 11, 9, 9, 1, 8, 5, 11, 4, 7, 9, 5, 4, 11, 0, 3, 11, 8, 4, 11, 3, 7, 9, 5, 7, 3, 2, 11, 9, 4, 8, 11, 3, 0, 11, 4, 11, 4, 3, 7, 9, 7, 9, 3, 11, 4, 4, 9, 9]
60.00952380952381 215.88887881349203 [7, 11, 9, 5, 4, 7, 9, 5, 9, 11, 2, 9, 5, 8, 5, 4, 4, 11, 7, 2, 7, 9, 5, 7, 11, 0, 1, 11, 0, 4, 4, 0, 8, 5, 9, 7, 11, 3, 3, 7, 5, 0, 9, 8, 4, 5, 9, 7, 2, 4, 3, 0, 8, 4, 11, 3, 7, 9, 5, 4, 11, 0, 3, 11, 8, 4, 11, 3, 7, 9, 5, 7, 8, 0, 11, 3, 7, 9, 9, 7, 11, 3, 3, 7, 0, 11, 11, 9, 4, 4, 11, 9, 4, 5, 8, 9]
61.202380952380956 215.55607290079365 [7, 11, 9, 5, 4, 7, 9, 5, 9, 11, 2, 9, 5, 8, 5, 4, 4, 11, 7, 2, 7, 9, 5, 7, 11, 0, 1, 11, 0, 4, 4, 0, 8, 5, 9, 7, 11, 3, 3, 7, 5, 0, 9, 8, 9, 5, 4, 4, 11, 9, 9, 1, 8, 5, 11, 3, 7, 9, 5, 4, 11, 0, 3, 11, 8, 4, 11, 3, 7, 9, 5, 7, 4, 11, 9, 4, 11, 9, 11, 0, 7, 3, 3, 11, 7, 9, 9, 7, 3, 11, 4, 4, 5, 8, 9, 9]
59.96428571428571 215.99277736507938 [7, 11, 9, 5, 4, 7, 9, 5, 9, 11, 2, 9, 5, 8, 5, 4, 4, 11, 7, 2, 7, 9, 5, 7, 11, 0, 1, 11, 0, 4, 4, 0, 8, 5, 9, 7, 11, 3, 3, 7, 5, 0, 9, 8, 9, 5, 4, 4, 11, 9, 9, 1, 8, 5, 11, 3, 7, 9, 5, 4, 11, 0, 3, 11, 8, 4, 11, 3, 7, 9, 5, 7, 4, 11, 4, 5, 9, 11, 2, 3, 7, 5, 9, 7, 3, 11, 4, 9, 11, 3, 11, 4, 9, 4, 9, 9]
62.857142857142854 214.82466013095242 [4, 4, 9, 5, 4, 7, 9, 5, 9, 11, 2, 9, 5, 8, 5, 4, 4, 11, 7, 2, 7, 9, 5, 7, 11, 0, 1, 11, 0, 4, 4, 0, 8, 5, 9, 7, 11, 3, 3, 7, 5, 0, 9, 8, 9, 5, 4, 4, 11, 9, 9, 1, 8, 4, 11, 3, 7, 9, 5, 4, 11, 0, 3, 9, 9, 11, 7, 11, 9, 4, 11, 3, 7, 9, 5, 7, 3, 2, 11, 9, 5, 4, 11, 3, 9, 7, 11, 11, 4, 3, 7, 9, 7, 9, 3, 11]
62.53571428571428 215.4336567380952 [4, 4, 9, 5, 4, 7, 9, 5, 9, 11, 2, 9, 5, 8, 5, 4, 4, 11, 7, 2, 7, 9, 5, 7, 11, 0, 1, 11, 0, 4, 4, 0, 8, 5, 9, 7, 11, 3, 3, 7, 5, 0, 9, 8, 9, 5, 4, 4, 11, 9, 9, 1, 8, 5, 11, 4, 7, 9, 5, 9, 4, 11, 7, 9, 9, 11, 7, 11, 9, 4, 11, 3, 7, 9, 5, 7, 3, 2, 11, 9, 5, 4, 11, 3, 9, 7, 11, 11, 4, 3, 7, 9, 7, 9, 3, 11]
62.53571428571428 215.4336567380952 [4, 4, 9, 5, 4, 7, 9, 5, 9, 11, 2, 9, 5, 8, 5, 4, 4, 11, 7, 2, 7, 9, 5, 7, 11, 0, 1, 11, 0, 4, 4, 0, 8, 5, 9, 7, 11, 3, 3, 7, 5, 0, 9, 8, 9, 5, 4, 4, 11, 9, 9, 1, 8, 5, 11, 4, 7, 9, 5, 9, 4, 11, 7, 9, 9, 11, 7, 11, 9, 4, 11, 3, 7, 9, 5, 7, 3, 2, 11, 9, 5, 4, 11, 3, 9, 7, 11, 11, 4, 3, 7, 9, 7, 9, 3, 11]
58.03730158730159 232.84579641666684 [7, 11, 9, 5, 4, 7, 9, 5, 9, 11, 2, 9, 5, 8, 5, 4, 4, 11, 7, 2, 7, 9, 5, 7, 11, 0, 1, 11, 0, 4, 4, 0, 8, 5, 9, 7, 11, 3, 3, 7, 5, 0, 9, 8, 9, 5, 9, 7, 2, 4, 3, 0, 8, 4, 11, 3, 7, 9, 5, 4, 3, 0, 8, 11, 8, 4, 11, 3, 7, 9, 5, 7, 3, 2, 11, 9, 5, 11, 4, 3, 7, 9, 5, 8, 1, 9, 9, 11, 0, 2, 9, 11, 4, 8, 9, 9]
58.607142857142854 231.5246204047621 [3, 11, 7, 9, 11, 7, 9, 5, 9, 11, 2, 9, 5, 8, 0, 4, 4, 11, 7, 2, 7, 9, 5, 7, 11, 0, 1, 11, 0, 4, 4, 0, 8, 5, 9, 7, 11, 3, 3, 7, 5, 0, 9, 8, 9, 5, 9, 7, 2, 4, 3, 0, 8, 4, 11, 3, 7, 9, 5, 4, 7, 0, 3, 11, 11, 4, 5, 9, 11, 7, 9, 3, 7, 11, 3, 11, 4, 8, 1, 9, 9, 11, 4, 4, 9, 11, 11, 0, 7, 3, 9, 8, 5, 4, 4, 11]
58.64285714285714 231.201481952381 [7, 11, 9, 5, 4, 7, 9, 5, 9, 11, 2, 9, 5, 8, 0, 4, 4, 11, 7, 2, 7, 9, 5, 7, 11, 0, 1, 11, 0, 4, 4, 0, 8, 5, 9, 7, 11, 3, 3, 7, 5, 0, 9, 8, 7, 5, 9, 7, 2, 4, 3, 0, 8, 4, 11, 3, 7, 9, 5, 4, 11, 7, 4, 5, 9, 7, 3, 11, 4, 8, 0, 3, 4, 2, 7, 9, 5, 9, 3, 2, 11, 9, 5, 4, 11, 3, 9, 7, 7, 11, 4, 4, 5, 8, 9, 9]
58.64285714285714 231.201481952381 [7, 11, 9, 5, 4, 7, 9, 5, 9, 11, 2, 9, 5, 8, 0, 4, 4, 11, 7, 2, 7, 9, 5, 7, 11, 0, 1, 11, 0, 4, 4, 0, 8, 5, 9, 7, 11, 3, 3, 7, 5, 0, 9, 8, 7, 5, 9, 7, 2, 4, 3, 0, 8, 4, 11, 3, 7, 9, 5, 4, 11, 7, 4, 5, 9, 7, 3, 11, 4, 8, 0, 3, 4, 2, 7, 9, 5, 9, 3, 2, 11, 9, 5, 4, 11, 3, 9, 7, 7, 11, 4, 4, 5, 8, 9, 9]
75.41666666666667 209.59273475396833 [9, 7, 9, 7, 3, 4, 11, 11, 7, 9, 3, 11, 4, 5, 5, 4, 4, 11, 7, 2, 7, 9, 5, 7, 11, 0, 1, 11, 0, 4, 4, 0, 8, 5, 9, 7, 11, 3, 3, 7, 5, 0, 9, 8, 9, 5, 4, 4, 11, 9, 9, 1, 8, 5, 11, 4, 7, 9, 5, 9, 4, 11, 3, 11, 9, 4, 11, 3, 7, 9, 5, 7, 4, 9, 11, 0, 7, 3, 3, 11, 7, 9, 9, 7, 3, 11, 4, 4, 9, 7, 7, 9, 4, 4, 11, 3]
71.89285714285714 210.54211084523814 [7, 11, 9, 5, 4, 7, 9, 5, 9, 11, 2, 9, 5, 8, 5, 4, 4, 11, 7, 2, 7, 9, 5, 7, 11, 0, 1, 11, 0, 4, 4, 0, 8, 5, 9, 7, 11, 3, 3, 7, 5, 0, 9, 8, 9, 5, 7, 11, 9, 4, 3, 0, 8, 3, 7, 3, 7, 9, 5, 4, 7, 4, 7, 9, 4, 11, 3, 11, 9, 4, 11, 3, 7, 9, 5, 7, 3, 2, 11, 9, 5, 4, 11, 3, 9, 7, 11, 11, 4, 3, 7, 9, 7, 9, 3, 11]
73.64285714285714 210.2596568452381 [7, 11, 9, 5, 4, 7, 9, 5, 9, 11, 2, 9, 5, 8, 5, 4, 4, 11, 7, 2, 7, 9, 5, 7, 11, 0, 1, 11, 0, 4, 4, 0, 8, 5, 9, 7, 11, 3, 3, 7, 5, 0, 9, 8, 9, 5, 7, 11, 9, 4, 3, 0, 8, 3, 7, 3, 7, 9, 5, 4, 7, 0, 4, 11, 3, 11, 9, 4, 11, 3, 7, 9, 5, 7, 3, 2, 11, 9, 5, 4, 11, 3, 9, 7, 11, 11, 4, 3, 7, 9, 7, 9, 3, 11, 4, 9]
67.04761904761904 211.60686462698413 [11, 9, 9, 5, 11, 7, 9, 5, 9, 11, 2, 9, 5, 8, 0, 4, 4, 11, 7, 2, 7, 9, 5, 7, 11, 0, 1, 11, 0, 4, 4, 0, 8, 5, 9, 7, 11, 3, 3, 7, 5, 0, 9, 11, 4, 5, 4, 4, 11, 9, 9, 1, 8, 4, 7, 3, 11, 11, 0, 4, 3, 0, 3, 9, 9, 7, 11, 3, 3, 7, 0, 11, 9, 11, 4, 5, 9, 7, 3, 3, 0, 11, 4, 5, 9, 7, 3, 11, 7, 11, 4, 4, 5, 8, 9, 7]
65.89285714285714 212.0305721309524 [9, 11, 7, 9, 11, 7, 9, 5, 9, 11, 2, 9, 5, 8, 0, 4, 4, 11, 7, 2, 7, 9, 5, 7, 11, 0, 1, 11, 0, 4, 4, 0, 8, 5, 9, 7, 11, 3, 3, 7, 5, 0, 9, 8, 9, 5, 9, 7, 2, 4, 3, 0, 8, 4, 11, 3, 7, 9, 5, 4, 7, 0, 3, 9, 9, 7, 11, 3, 3, 7, 0, 11, 9, 11, 7, 9, 5, 9, 4, 11, 3, 9, 9, 11, 4, 4, 9, 11, 11, 0, 7, 3, 3, 11, 7, 9]
67.41666666666667 211.31842844047617 [3, 11, 7, 9, 11, 7, 9, 5, 9, 11, 2, 9, 5, 8, 0, 4, 4, 11, 7, 2, 7, 9, 5, 7, 11, 0, 1, 11, 0, 4, 4, 0, 8, 5, 9, 7, 11, 3, 3, 7, 5, 0, 9, 8, 7, 5, 9, 7, 2, 4, 4, 5, 9, 11, 11, 3, 7, 9, 5, 4, 7, 0, 3, 9, 9, 7, 11, 3, 3, 7, 0, 11, 11, 9, 4, 4, 11, 9, 9, 3, 11, 4, 9, 5, 9, 7, 7, 9, 5, 7, 11, 3, 0, 7, 4, 11]
65.14285714285714 212.4830573095238 [3, 11, 7, 9, 11, 7, 9, 5, 9, 11, 2, 9, 5, 8, 0, 4, 4, 11, 7, 2, 7, 9, 5, 7, 11, 0, 1, 11, 0, 4, 4, 0, 8, 5, 9, 7, 11, 3, 3, 7, 5, 0, 9, 8, 9, 5, 9, 7, 2, 4, 3, 0, 8, 4, 11, 3, 7, 9, 5, 4, 7, 0, 3, 9, 9, 7, 11, 3, 3, 7, 0, 11, 11, 9, 4, 4, 11, 9, 9, 3, 11, 4, 9, 5, 9, 7, 7, 9, 5, 7, 11, 3, 0, 7, 4, 11]
63.28571428571428 214.77753611507939 [7, 11, 9, 5, 4, 7, 9, 5, 9, 11, 2, 9, 5, 8, 5, 4, 4, 11, 7, 2, 7, 9, 5, 7, 11, 0, 1, 11, 0, 4, 4, 0, 8, 5, 9, 7, 11, 3, 3, 7, 5, 0, 9, 8, 9, 5, 4, 4, 11, 9, 9, 1, 8, 4, 11, 3, 7, 9, 5, 4, 11, 0, 3, 11, 8, 4, 11, 3, 7, 9, 11, 11, 4, 3, 7, 9, 7, 9, 3, 11, 4, 4, 9, 7, 11, 4, 9, 5, 9, 7, 3, 11, 4, 9, 11, 3]
64.78968253968253 212.74286131349223 [7, 11, 9, 5, 4, 7, 9, 5, 9, 11, 2, 9, 5, 8, 5, 4, 4, 11, 7, 2, 7, 9, 5, 7, 11, 0, 1, 11, 0, 4, 4, 0, 8, 5, 9, 7, 11, 3, 3, 7, 5, 0, 9, 4, 11, 3, 9, 7, 11, 11, 4, 3, 7, 9, 7, 9, 3, 11, 4, 4, 9, 5, 9, 7, 4, 11, 11, 3, 3, 7, 0, 11, 9, 11, 7, 9, 9, 7, 3, 11, 11, 7, 9, 4, 9, 7, 3, 11, 4, 9, 11, 3, 11, 4, 9, 9]
63.319047619047616 214.7218403690476 [7, 11, 9, 5, 4, 7, 9, 5, 9, 11, 2, 9, 5, 8, 5, 4, 4, 11, 7, 2, 7, 9, 5, 7, 11, 0, 1, 11, 0, 4, 4, 0, 8, 5, 9, 7, 11, 3, 3, 7, 5, 0, 9, 8, 9, 5, 4, 4, 11, 9, 9, 1, 8, 5, 11, 3, 7, 9, 5, 7, 3, 2, 11, 9, 5, 4, 11, 3, 9, 7, 11, 11, 4, 3, 7, 9, 7, 9, 3, 11, 4, 4, 9, 5, 9, 7, 4, 11, 4, 9, 11, 3, 11, 4, 9, 9]
54.53571428571429 284.0776088015875 [11, 11, 3, 0, 11, 7, 9, 5, 11, 9, 12, 4, 9, 8, 5, 4, 4, 11, 7, 2, 7, 9, 5, 7, 11, 0, 1, 11, 0, 4, 4, 0, 8, 5, 9, 7, 11, 3, 3, 7, 5, 0, 9, 8, 9, 12, 4, 4, 11, 9, 9, 1, 8, 5, 9, 7, 3, 4, 11, 4, 3, 0, 8, 11, 8, 4, 11, 3, 0, 11, 4, 5, 9, 7, 3, 11, 4, 8, 1, 9, 9, 11, 11, 0, 3, 11, 7, 7, 11, 12, 9, 5, 8, 0, 4, 11]
54.29761904761905 331.42712833730144 [7, 9, 7, 0, 11, 7, 9, 5, 11, 9, 12, 4, 9, 8, 5, 0, 3, 2, 15, 11, 1, 15, 7, 11, 9, 9, 1, 3, 3, 15, 14, 10, 13, 0, 9, 12, 4, 15, 3, 7, 5, 0, 9, 9, 11, 7, 15, 1, 9, 7, 3, 1, 11, 0, 1, 15, 7, 11, 9, 9, 0, 1, 11, 0, 9, 4, 3, 0, 8, 4, 11, 3, 11, 4, 9, 5, 7, 11, 1, 15, 5, 8, 3, 7, 12, 3, 11, 0, 4, 11, 4, 8, 0, 11, 1, 15]
54.29563492063493 333.10293319841253 [7, 9, 7, 0, 11, 7, 9, 5, 11, 9, 12, 4, 9, 8, 5, 0, 3, 2, 15, 11, 1, 15, 7, 11, 9, 9, 1, 3, 3, 15, 14, 10, 5, 8, 0, 2, 9, 11, 4, 5, 9, 7, 9, 11, 4, 5, 4, 4, 11, 9, 9, 1, 8, 4, 11, 3, 7, 9, 5, 4, 15, 4, 12, 9, 0, 13, 9, 7, 3, 11, 0, 7, 9, 0, 8, 9, 4, 7, 11, 4, 11, 9, 9, 5, 9, 7, 3, 11, 4, 8, 0, 11, 5, 0, 1, 15]
55.86904761904763 256.19601808730164 [11, 11, 3, 0, 11, 7, 9, 5, 11, 9, 12, 4, 9, 8, 5, 4, 4, 11, 7, 2, 7, 9, 5, 7, 11, 0, 1, 11, 0, 4, 4, 0, 8, 5, 9, 7, 11, 3, 3, 7, 5, 0, 9, 8, 9, 5, 4, 4, 11, 9, 9, 1, 8, 4, 11, 3, 7, 9, 5, 4, 11, 0, 3, 11, 8, 4, 11, 3, 7, 9, 5, 7, 4, 11, 9, 4, 12, 9, 11, 5, 9, 7, 11, 0, 3, 11, 7, 7, 11, 12, 9, 5, 8, 0, 4, 11]
55.86904761904763 256.19601808730164 [11, 11, 3, 0, 11, 7, 9, 5, 11, 9, 12, 4, 9, 8, 5, 4, 4, 11, 7, 2, 7, 9, 5, 7, 11, 0, 1, 11, 0, 4, 4, 0, 8, 5, 9, 7, 11, 3, 3, 7, 5, 0, 9, 8, 9, 5, 4, 4, 11, 9, 9, 1, 8, 4, 11, 3, 7, 9, 5, 4, 11, 0, 3, 11, 8, 4, 11, 3, 7, 9, 5, 7, 4, 11, 9, 4, 12, 9, 11, 5, 9, 7, 11, 0, 3, 11, 7, 7, 11, 12, 9, 5, 8, 0, 4, 11]
55.523809523809526 256.6131422539683 [11, 11, 3, 0, 11, 7, 9, 5, 11, 9, 12, 4, 9, 8, 5, 4, 4, 11, 7, 2, 7, 9, 5, 7, 11, 0, 1, 11, 0, 4, 4, 0, 8, 5, 9, 7, 11, 3, 3, 7, 5, 0, 9, 11, 4, 5, 4, 4, 11, 9, 9, 1, 8, 4, 11, 3, 7, 9, 5, 4, 11, 0, 3, 11, 8, 4, 11, 3, 7, 9, 11, 4, 7, 5, 9, 7, 3, 11, 4, 8, 11, 3, 0, 11, 4, 5, 9, 7, 3, 12, 9, 5, 8, 0, 4, 11]
55.94642857142858 253.6623452440476 [4, 11, 9, 5, 4, 7, 9, 5, 9, 11, 2, 9, 5, 8, 5, 4, 4, 11, 7, 2, 7, 9, 5, 7, 11, 0, 1, 11, 0, 4, 4, 0, 8, 5, 9, 7, 11, 3, 3, 7, 5, 0, 9, 8, 9, 5, 4, 4, 11, 9, 9, 1, 8, 4, 11, 3, 7, 9, 5, 4, 11, 9, 2, 11, 7, 5, 9, 7, 11, 0, 3, 11, 11, 4, 5, 8, 9, 4, 12, 11, 7, 4, 7, 9, 5, 9, 4, 11, 3, 11, 4, 8, 0, 3, 4, 11]
55.2857142857143 276.8495609841269 [7, 9, 7, 0, 11, 7, 9, 5, 11, 9, 12, 4, 9, 8, 5, 0, 3, 15, 7, 2, 7, 9, 3, 11, 4, 8, 1, 11, 0, 4, 4, 0, 8, 5, 9, 7, 11, 3, 7, 0, 11, 3, 7, 9, 5, 11, 4, 5, 9, 7, 3, 1, 11, 0, 1, 15, 7, 11, 9, 9, 0, 1, 11, 0, 9, 4, 7, 9, 5, 4, 11, 3, 3, 11, 12, 0, 8, 4, 11, 3, 11, 4, 9, 5, 9, 7, 4, 7, 11, 12, 4, 9, 8, 9, 7, 15]
57.57142857142856 234.78322215873018 [7, 11, 9, 5, 4, 7, 9, 5, 9, 11, 2, 9, 5, 8, 5, 4, 4, 11, 7, 2, 7, 9, 5, 7, 11, 0, 1, 11, 0, 4, 4, 0, 8, 5, 9, 7, 11, 3, 3, 7, 5, 0, 9, 11, 4, 5, 4, 4, 11, 9, 9, 0, 8, 4, 11, 3, 7, 9, 5, 7, 3, 0, 8, 4, 8, 9, 11, 3, 11, 4, 9, 5, 9, 7, 4, 7, 11, 3, 11, 3, 4, 4, 11, 7, 9, 11, 7, 9, 3, 11, 4, 5, 9, 11, 2, 9]
57.553174603174604 240.37293834920635 [7, 11, 9, 5, 4, 7, 9, 5, 9, 11, 2, 9, 5, 8, 5, 4, 4, 11, 7, 2, 7, 9, 5, 7, 11, 0, 1, 11, 0, 4, 4, 0, 8, 5, 9, 7, 11, 3, 3, 7, 5, 0, 9, 8, 9, 5, 4, 4, 11, 9, 9, 1, 8, 4, 11, 3, 7, 9, 5, 4, 11, 0, 3, 11, 8, 4, 7, 9, 4, 11, 4, 3, 7, 9, 5, 11, 5, 8, 0, 2, 9, 11, 4, 5, 9, 7, 3, 11, 7, 8, 11, 3, 0, 11, 9, 9]
56.89285714285714 243.76293051984126 [7, 11, 9, 5, 11, 7, 9, 5, 9, 11, 2, 9, 5, 8, 0, 4, 4, 11, 7, 2, 7, 9, 5, 7, 11, 0, 1, 11, 0, 4, 4, 0, 8, 5, 9, 7, 11, 3, 3, 7, 5, 0, 9, 11, 4, 5, 4, 4, 11, 9, 9, 1, 8, 4, 11, 3, 7, 9, 5, 4, 11, 0, 3, 11, 8, 4, 11, 3, 7, 8, 9, 7, 11, 9, 11, 3, 0, 11, 4, 5, 9, 7, 3, 11, 4, 8, 3, 11, 11, 9, 9, 1, 8, 5, 7, 9]
56.77142857142858 247.62654469444445 [11, 11, 9, 5, 11, 7, 9, 5, 9, 11, 2, 9, 5, 8, 0, 4, 4, 11, 7, 2, 7, 9, 5, 7, 11, 0, 1, 11, 0, 4, 4, 0, 8, 5, 9, 7, 11, 3, 3, 7, 5, 0, 9, 11, 4, 5, 4, 4, 11, 9, 9, 1, 8, 4, 11, 3, 7, 9, 5, 4, 11, 0, 3, 11, 8, 4, 11, 3, 7, 9, 5, 7, 4, 11, 9, 4, 12, 8, 0, 3, 4, 0, 11, 11, 3, 7, 7, 11, 4, 4, 5, 8, 9, 7, 11, 9]
57.17261904761904 241.16450535119046 [7, 11, 9, 5, 4, 7, 9, 5, 9, 11, 2, 9, 5, 8, 5, 4, 4, 11, 7, 2, 7, 9, 5, 7, 11, 0, 1, 11, 0, 4, 4, 0, 8, 5, 9, 7, 11, 3, 3, 7, 5, 0, 9, 11, 4, 5, 4, 4, 11, 9, 9, 1, 8, 4, 11, 3, 7, 9, 5, 4, 11, 0, 3, 11, 7, 5, 9, 7, 5, 8, 1, 9, 9, 11, 11, 3, 9, 7, 11, 8, 0, 3, 4, 0, 11, 11, 3, 7, 7, 11, 4, 4, 5, 8, 9, 9]
53.73452380952381 388.940358301587 [7, 9, 7, 0, 11, 7, 9, 5, 11, 9, 12, 4, 9, 8, 5, 0, 3, 2, 15, 11, 1, 15, 7, 11, 13, 10, 13, 14, 11, 9, 14, 0, 11, 15, 13, 10, 0, 0, 6, 15, 15, 0, 2, 11, 4, 5, 9, 7, 2, 4, 3, 0, 8, 4, 11, 3, 11, 4, 9, 12, 7, 12, 6, 1, 15, 4, 12, 9, 11, 11, 5, 4, 3, 11, 0, 7, 9, 0, 15, 4, 12, 9, 11, 11, 5, 4, 3, 11, 0, 7, 9, 0, 8, 4, 5, 11]
53.74206349206349 370.30832941666637 [11, 9, 7, 0, 11, 7, 9, 5, 11, 9, 12, 4, 9, 8, 5, 0, 3, 15, 7, 5, 0, 15, 7, 11, 9, 9, 1, 3, 3, 15, 14, 15, 1, 6, 12, 7, 5, 9, 4, 11, 3, 11, 4, 8, 0, 3, 4, 2, 7, 0, 8, 9, 5, 4, 11, 15, 4, 13, 15, 12, 2, 9, 0, 13, 10, 9, 4, 11, 3, 11, 0, 11, 1, 15, 9, 0, 8, 7, 11, 3, 0, 11, 7, 9, 5, 11, 9, 12, 4, 9, 8, 5, 4, 4, 11, 9]
53.98809523809525 369.6820683809523 [7, 9, 7, 0, 11, 7, 9, 5, 11, 9, 12, 4, 9, 8, 5, 0, 3, 2, 15, 11, 1, 15, 7, 11, 9, 9, 1, 3, 3, 15, 14, 10, 13, 0, 9, 12, 4, 15, 6, 3, 11, 0, 2, 11, 4, 5, 9, 5, 9, 8, 3, 1, 11, 0, 1, 15, 4, 5, 11, 11, 9, 2, 12, 15, 13, 4, 15, 11, 4, 5, 9, 7, 3, 11, 4, 8, 0, 3, 4, 2, 7, 8, 0, 0, 5, 7, 15, 6, 3, 11, 4, 8, 0, 11, 1, 15]
59.5452380952381 221.0833254563493 [7, 11, 9, 5, 4, 7, 9, 5, 9, 11, 2, 9, 5, 8, 0, 4, 4, 11, 7, 2, 7, 9, 5, 7, 11, 0, 1, 11, 0, 4, 4, 0, 8, 5, 9, 7, 11, 3, 3, 7, 5, 0, 9, 11, 4, 5, 4, 4, 9, 4, 3, 0, 8, 4, 11, 3, 7, 9, 5, 7, 4, 5, 8, 9, 9, 7, 11, 3, 3, 7, 0, 11, 11, 9, 4, 4, 11, 9, 9, 1, 8, 4, 11, 3, 11, 7, 3, 9, 7, 11, 9, 5, 4, 11, 4, 11]
58.857142857142854 227.73286772619062 [7, 11, 9, 5, 4, 7, 9, 5, 9, 11, 2, 9, 5, 8, 0, 4, 4, 11, 7, 2, 7, 9, 5, 7, 11, 0, 1, 11, 0, 4, 4, 0, 8, 5, 9, 7, 11, 3, 3, 7, 5, 0, 9, 8, 9, 5, 4, 4, 11, 9, 9, 1, 8, 5, 11, 3, 7, 9, 5, 4, 7, 0, 3, 11, 11, 4, 5, 9, 11, 7, 9, 3, 7, 9, 3, 11, 4, 5, 9, 11, 2, 3, 7, 5, 9, 7, 3, 9, 7, 11, 4, 4, 5, 8, 9, 9]
58.78571428571429 230.58769115873025 [7, 11, 9, 5, 4, 7, 9, 5, 9, 11, 2, 9, 5, 8, 5, 4, 4, 11, 7, 2, 7, 9, 5, 7, 11, 0, 1, 11, 0, 4, 4, 0, 8, 5, 9, 7, 11, 3, 3, 7, 5, 0, 9, 8, 9, 5, 4, 4, 11, 9, 9, 1, 8, 4, 11, 3, 7, 9, 5, 4, 11, 0, 3, 11, 8, 7, 11, 3, 7, 9, 5, 4, 11, 9, 2, 0, 8, 5, 11, 5, 9, 7, 3, 4, 11, 4, 9, 7, 4, 8, 11, 3, 0, 11, 9, 9]
58.98571428571429 226.86979313888895 [7, 11, 9, 5, 4, 7, 9, 5, 9, 11, 2, 9, 5, 8, 5, 4, 4, 11, 7, 2, 7, 9, 5, 7, 11, 0, 1, 11, 0, 4, 4, 0, 8, 5, 9, 7, 11, 3, 3, 7, 5, 0, 9, 8, 9, 5, 4, 4, 11, 9, 9, 1, 8, 4, 11, 7, 7, 9, 11, 4, 11, 0, 3, 11, 8, 4, 11, 3, 7, 9, 5, 7, 3, 2, 11, 9, 9, 11, 4, 4, 5, 11, 3, 4, 7, 5, 9, 7, 3, 11, 4, 4, 5, 8, 9, 9]
59.03571428571428 224.31532533730157 [7, 11, 9, 5, 4, 7, 9, 5, 9, 11, 2, 9, 5, 8, 5, 4, 4, 11, 7, 2, 7, 9, 5, 7, 11, 0, 1, 11, 0, 4, 4, 0, 8, 5, 9, 7, 11, 3, 3, 7, 5, 0, 9, 8, 9, 5, 4, 4, 11, 9, 9, 1, 8, 5, 11, 3, 7, 9, 5, 4, 4, 9, 4, 11, 3, 11, 9, 4, 11, 3, 7, 9, 5, 7, 3, 2, 11, 9, 5, 4, 11, 4, 7, 5, 9, 7, 3, 11, 4, 8, 11, 3, 0, 11, 9, 9]
60.035714285714285 216.13250445238094 [7, 11, 9, 5, 4, 7, 9, 5, 9, 11, 2, 9, 5, 8, 5, 4, 4, 11, 7, 2, 7, 9, 5, 7, 11, 0, 1, 11, 0, 4, 4, 0, 8, 5, 9, 7, 11, 3, 3, 7, 5, 0, 9, 8, 9, 5, 4, 4, 11, 9, 9, 1, 8, 5, 11, 4, 7, 9, 5, 9, 4, 4, 11, 3, 9, 7, 9, 7, 3, 4, 11, 11, 7, 9, 3, 11, 4, 5, 9, 11, 2, 3, 7, 5, 9, 7, 3, 11, 4, 9, 11, 3, 11, 4, 9, 9]
63.07142857142857 215.29114888095242 [7, 11, 9, 5, 4, 7, 9, 5, 9, 11, 2, 9, 5, 8, 0, 4, 4, 11, 7, 2, 7, 9, 5, 7, 11, 0, 1, 11, 0, 4, 4, 0, 8, 5, 9, 7, 11, 3, 3, 7, 5, 0, 9, 8, 9, 5, 4, 4, 11, 9, 9, 1, 8, 5, 11, 4, 7, 9, 5, 9, 4, 4, 7, 9, 4, 11, 3, 11, 9, 4, 11, 3, 7, 9, 5, 7, 3, 2, 11, 9, 5, 4, 11, 3, 9, 7, 11, 11, 4, 3, 7, 9, 7, 9, 3, 11]
58.464285714285715 234.1132539365079 [7, 11, 9, 5, 4, 7, 9, 5, 9, 11, 2, 9, 5, 8, 5, 4, 4, 11, 7, 2, 7, 9, 5, 7, 11, 0, 1, 11, 0, 4, 4, 0, 8, 5, 9, 7, 11, 3, 3, 7, 5, 0, 9, 8, 9, 5, 4, 4, 11, 9, 9, 1, 8, 11, 7, 3, 3, 4, 4, 4, 11, 9, 9, 0, 8, 4, 11, 3, 7, 9, 5, 7, 3, 2, 11, 9, 5, 9, 11, 3, 11, 4, 9, 5, 9, 7, 4, 11, 7, 9, 3, 11, 5, 11, 3, 9]
58.64285714285714 233.36684149206354 [7, 11, 9, 5, 4, 7, 9, 5, 9, 11, 2, 9, 5, 8, 0, 4, 4, 11, 7, 2, 7, 9, 5, 7, 11, 0, 1, 11, 0, 4, 4, 0, 8, 5, 9, 7, 11, 3, 3, 7, 5, 0, 9, 11, 4, 5, 4, 4, 11, 9, 9, 1, 11, 3, 11, 7, 3, 9, 7, 11, 9, 5, 4, 11, 4, 4, 7, 5, 9, 7, 3, 11, 4, 8, 0, 3, 4, 9, 11, 7, 4, 4, 9, 11, 11, 0, 7, 3, 3, 11, 7, 9, 9, 8, 5, 11]
58.74999999999999 233.18613294047623 [7, 11, 9, 5, 4, 7, 9, 5, 9, 11, 2, 9, 5, 8, 0, 4, 4, 11, 7, 2, 7, 9, 5, 7, 11, 0, 1, 11, 0, 4, 4, 0, 8, 5, 9, 7, 11, 3, 3, 7, 5, 0, 9, 8, 9, 5, 7, 11, 9, 4, 3, 0, 8, 4, 11, 3, 7, 9, 5, 7, 4, 4, 11, 4, 5, 9, 11, 7, 9, 3, 7, 11, 3, 11, 4, 8, 1, 9, 9, 11, 4, 4, 9, 11, 11, 0, 7, 3, 3, 11, 7, 9, 9, 8, 5, 11]
72.14285714285714 210.5631508769841 [7, 11, 9, 5, 4, 7, 9, 5, 9, 11, 2, 9, 5, 8, 5, 4, 4, 11, 7, 2, 7, 9, 5, 7, 11, 0, 1, 11, 0, 4, 4, 0, 8, 5, 9, 7, 11, 3, 3, 7, 5, 0, 11, 3, 9, 7, 11, 11, 4, 3, 7, 9, 7, 9, 3, 11, 4, 4, 9, 5, 9, 7, 4, 9, 9, 7, 11, 3, 3, 7, 0, 11, 9, 11, 7, 9, 9, 7, 3, 11, 11, 3, 7, 5, 9, 7, 3, 11, 4, 9, 11, 3, 11, 4, 9, 9]
67.14285714285714 212.25223184523819 [3, 11, 9, 5, 4, 7, 9, 5, 9, 11, 2, 9, 5, 8, 5, 4, 4, 11, 7, 2, 7, 9, 5, 7, 11, 0, 1, 11, 0, 4, 4, 0, 8, 5, 9, 7, 11, 3, 3, 7, 5, 0, 9, 8, 9, 5, 7, 11, 9, 4, 3, 0, 8, 3, 7, 3, 7, 9, 5, 9, 4, 4, 11, 11, 7, 9, 4, 11, 3, 11, 9, 4, 11, 3, 7, 9, 5, 7, 3, 2, 11, 9, 5, 4, 11, 3, 9, 7, 11, 11, 4, 3, 7, 9, 7, 9]
65.78571428571428 213.6272052222222 [7, 11, 9, 5, 4, 7, 9, 5, 9, 11, 2, 9, 5, 8, 5, 4, 4, 11, 7, 2, 7, 9, 5, 7, 11, 0, 1, 11, 0, 4, 4, 0, 8, 5, 9, 7, 11, 3, 3, 7, 5, 0, 9, 11, 4, 5, 9, 4, 11, 9, 9, 1, 8, 4, 11, 3, 7, 9, 5, 4, 11, 0, 3, 9, 9, 7, 11, 3, 3, 7, 0, 11, 9, 11, 4, 5, 9, 7, 3, 4, 9, 5, 9, 7, 4, 7, 11, 3, 11, 11, 3, 9, 9, 7, 11, 3]
63.75 214.73184602380954 [7, 11, 9, 5, 4, 7, 9, 5, 9, 11, 2, 9, 5, 8, 5, 4, 4, 11, 7, 2, 7, 9, 5, 7, 11, 0, 1, 11, 0, 4, 4, 0, 8, 5, 9, 7, 11, 3, 3, 7, 5, 0, 9, 8, 9, 5, 4, 4, 11, 9, 9, 1, 8, 5, 11, 4, 7, 9, 5, 9, 4, 11, 3, 11, 9, 4, 11, 3, 7, 9, 5, 7, 2, 11, 9, 5, 9, 7, 4, 5, 9, 11, 7, 9, 4, 4, 11, 3, 9, 7, 9, 7, 3, 4, 11, 11]
55.273412698412706 290.2726699583333 [7, 9, 7, 0, 11, 7, 9, 5, 11, 9, 12, 4, 9, 8, 5, 0, 3, 2, 11, 4, 1, 15, 7, 11, 11, 0, 1, 11, 0, 4, 4, 0, 8, 5, 9, 7, 11, 3, 3, 7, 5, 0, 9, 11, 4, 5, 9, 7, 2, 4, 3, 0, 8, 4, 11, 3, 7, 9, 5, 4, 11, 9, 2, 0, 8, 5, 11, 15, 13, 7, 5, 11, 9, 0, 4, 11, 3, 11, 4, 8, 0, 3, 4, 12, 2, 9, 11, 11, 5, 4, 3, 11, 0, 7, 1, 15]
54.57142857142856 294.6528934047621 [11, 11, 3, 0, 11, 7, 9, 5, 11, 9, 12, 4, 9, 8, 5, 4, 4, 11, 7, 2, 7, 9, 5, 7, 11, 0, 1, 11, 0, 4, 4, 0, 8, 5, 9, 7, 11, 3, 3, 11, 8, 4, 11, 3, 7, 9, 5, 4, 11, 9, 9, 1, 8, 5, 9, 7, 3, 4, 11, 4, 3, 0, 8, 4, 8, 9, 8, 9, 0, 5, 7, 3, 0, 11, 4, 5, 9, 7, 3, 11, 4, 8, 1, 9, 3, 11, 7, 7, 11, 12, 9, 5, 8, 0, 4, 11]
54.65079365079366 294.0830779206348 [11, 11, 3, 0, 11, 7, 9, 5, 11, 9, 12, 4, 9, 8, 5, 4, 4, 11, 7, 2, 7, 9, 5, 7, 11, 0, 1, 11, 0, 4, 4, 0, 8, 5, 9, 7, 11, 3, 3, 7, 5, 0, 9, 8, 9, 5, 4, 4, 11, 9, 9, 1, 8, 4, 11, 3, 7, 7, 11, 3, 0, 4, 0, 8, 5, 9, 12, 3, 7, 9, 5, 4, 11, 0, 3, 11, 8, 7, 9, 7, 0, 11, 7, 9, 5, 11, 9, 12, 4, 9, 8, 5, 0, 3, 2, 11]
54.30079365079365 356.0697162063492 [7, 9, 7, 0, 11, 7, 9, 5, 11, 9, 12, 4, 9, 8, 5, 0, 3, 2, 15, 11, 1, 15, 7, 11, 9, 9, 1, 3, 3, 15, 14, 10, 13, 0, 9, 12, 4, 15, 3, 7, 5, 0, 9, 9, 11, 7, 15, 1, 9, 8, 0, 9, 7, 0, 11, 3, 4, 5, 11, 11, 9, 2, 12, 15, 13, 4, 15, 11, 4, 5, 9, 7, 3, 11, 4, 8, 0, 3, 4, 2, 7, 8, 0, 0, 5, 7, 15, 6, 3, 11, 4, 8, 0, 11, 1, 15]
54.30952380952382 337.1354228928569 [7, 9, 7, 0, 11, 7, 9, 5, 11, 9, 12, 4, 9, 8, 5, 0, 3, 15, 7, 2, 7, 9, 3, 11, 4, 8, 1, 11, 0, 4, 4, 0, 8, 5, 9, 7, 11, 3, 7, 0, 11, 3, 13, 4, 15, 11, 4, 5, 9, 7, 3, 1, 11, 0, 1, 15, 9, 4, 7, 0, 1, 15, 4, 5, 11, 11, 9, 2, 12, 15, 7, 9, 5, 11, 4, 5, 0, 3, 4, 2, 7, 8, 0, 0, 5, 7, 15, 6, 3, 11, 4, 8, 0, 11, 7, 15]
55.61904761904762 260.49066341666673 [11, 11, 3, 0, 11, 7, 9, 5, 9, 11, 2, 9, 5, 8, 5, 4, 4, 11, 7, 2, 7, 9, 5, 7, 11, 0, 1, 11, 0, 4, 4, 0, 8, 5, 9, 7, 11, 3, 3, 7, 5, 0, 9, 8, 9, 5, 4, 4, 11, 9, 9, 1, 8, 7, 11, 3, 9, 1, 8, 4, 11, 3, 7, 12, 4, 9, 11, 4, 7, 5, 9, 7, 3, 11, 4, 8, 11, 3, 0, 11, 4, 5, 9, 7, 3, 11, 4, 7, 11, 12, 9, 5, 8, 0, 4, 11]
55.63095238095238 257.64654343650807 [7, 11, 9, 5, 4, 7, 9, 5, 9, 11, 2, 9, 5, 8, 5, 4, 4, 11, 7, 2, 7, 9, 5, 7, 11, 0, 1, 11, 0, 4, 4, 0, 8, 5, 9, 7, 11, 3, 3, 7, 5, 0, 9, 8, 11, 5, 9, 7, 3, 4, 11, 4, 9, 7, 3, 11, 4, 8, 1, 9, 9, 0, 11, 11, 3, 7, 7, 11, 5, 8, 1, 9, 9, 11, 4, 8, 0, 3, 4, 11, 4, 3, 7, 9, 5, 8, 4, 7, 11, 12, 4, 9, 5, 8, 9, 9]
56.44642857142856 255.28019363293646 [11, 11, 3, 0, 11, 7, 9, 5, 11, 9, 12, 4, 9, 8, 5, 4, 4, 11, 7, 2, 7, 9, 5, 7, 11, 0, 1, 11, 0, 4, 4, 0, 8, 5, 9, 7, 11, 3, 3, 7, 5, 0, 9, 8, 9, 5, 4, 4, 11, 9, 9, 1, 8, 4, 11, 3, 7, 9, 5, 4, 0, 8, 5, 9, 12, 11, 7, 7, 11, 3, 0, 11, 7, 9, 5, 11, 9, 12, 4, 9, 11, 4, 7, 5, 9, 7, 3, 11, 4, 8, 11, 3, 0, 11, 4, 11]
55.32738095238095 279.3485989107144 [11, 11, 3, 0, 11, 7, 9, 5, 11, 9, 12, 4, 9, 8, 5, 4, 4, 11, 7, 2, 7, 9, 5, 7, 11, 0, 1, 11, 0, 4, 4, 0, 8, 5, 9, 7, 11, 3, 3, 7, 5, 0, 9, 8, 9, 5, 4, 4, 11, 9, 9, 1, 8, 4, 11, 3, 7, 7, 11, 3, 0, 11, 7, 9, 5, 11, 9, 12, 4, 9, 11, 4, 7, 5, 9, 7, 3, 11, 4, 8, 11, 3, 0, 11, 4, 5, 9, 7, 3, 12, 9, 5, 8, 0, 4, 11]
57.78571428571428 235.01956216666676 [7, 11, 9, 5, 4, 7, 9, 5, 9, 11, 2, 9, 5, 8, 0, 4, 4, 11, 7, 2, 7, 9, 5, 7, 11, 0, 1, 11, 0, 4, 4, 0, 8, 5, 9, 7, 11, 3, 3, 7, 5, 0, 9, 8, 9, 5, 4, 4, 11, 9, 9, 1, 8, 11, 7, 3, 11, 8, 0, 2, 9, 11, 4, 5, 9, 7, 3, 11, 4, 8, 0, 3, 4, 2, 7, 9, 5, 7, 3, 2, 11, 9, 5, 4, 11, 3, 9, 7, 7, 11, 4, 4, 5, 8, 9, 9]
57.71428571428571 236.65497533333334 [7, 11, 9, 5, 4, 7, 9, 5, 9, 11, 2, 9, 5, 8, 5, 4, 4, 11, 7, 2, 7, 9, 5, 7, 11, 0, 1, 11, 0, 4, 4, 0, 8, 5, 9, 7, 11, 3, 3, 7, 5, 0, 9, 11, 4, 5, 4, 4, 11, 9, 9, 1, 8, 4, 11, 3, 7, 9, 5, 4, 11, 0, 3, 4, 12, 11, 7, 4, 7, 9, 5, 9, 4, 11, 3, 11, 4, 8, 0, 3, 4, 11, 8, 4, 11, 3, 7, 9, 5, 7, 3, 2, 11, 9, 9, 9]
57.583333333333336 238.2948239801587 [11, 11, 3, 0, 11, 7, 9, 5, 11, 9, 12, 4, 9, 8, 5, 4, 4, 11, 7, 2, 7, 9, 5, 7, 11, 0, 1, 11, 0, 4, 4, 0, 8, 5, 9, 7, 11, 3, 3, 7, 5, 0, 9, 8, 9, 5, 4, 4, 11, 9, 9, 1, 8, 4, 11, 3, 7, 9, 5, 4, 11, 0, 3, 11, 8, 4, 11, 3, 7, 9, 5, 7, 4, 11, 3, 11, 4, 7, 11, 3, 0, 11, 4, 5, 9, 7, 3, 11, 7, 11, 9, 5, 8, 0, 4, 11]
57.10714285714286 245.8404953095239 [3, 11, 9, 0, 11, 7, 9, 5, 11, 9, 12, 4, 9, 8, 5, 4, 4, 11, 7, 2, 7, 9, 5, 7, 11, 0, 1, 11, 0, 4, 4, 0, 8, 5, 9, 7, 11, 3, 3, 7, 5, 0, 9, 8, 9, 5, 4, 4, 11, 9, 9, 1, 8, 5, 9, 7, 3, 4, 11, 4, 15, 1, 0, 3, 4, 3, 9, 4, 7, 5, 9, 7, 3, 11, 4, 8, 1, 9, 9, 11, 4, 9, 5, 4, 11, 3, 9, 7, 11, 3, 7, 4, 5, 9, 11, 9]
56.926190476190484 252.70873315873015 [7, 11, 9, 5, 4, 7, 9, 5, 9, 11, 2, 9, 5, 8, 5, 4, 4, 11, 7, 2, 7, 9, 5, 7, 11, 0, 1, 11, 0, 4, 4, 0, 8, 5, 9, 7, 11, 3, 3, 9, 9, 1, 9, 8, 4, 5, 9, 7, 2, 4, 3, 0, 8, 4, 11, 3, 7, 9, 5, 4, 1, 9, 9, 11, 4, 4, 5, 4, 11, 9, 0, 5, 7, 11, 11, 3, 9, 7, 11, 8, 0, 3, 4, 0, 11, 11, 3, 7, 7, 11, 4, 4, 5, 8, 9, 9]
56.82738095238095 254.67162705753967 [7, 11, 9, 5, 4, 7, 9, 5, 9, 11, 2, 9, 5, 8, 5, 4, 4, 11, 7, 2, 7, 9, 5, 7, 11, 0, 1, 11, 0, 4, 4, 0, 8, 5, 9, 7, 11, 3, 3, 7, 5, 11, 4, 5, 9, 5, 4, 4, 11, 9, 9, 1, 8, 5, 9, 7, 3, 4, 11, 4, 15, 1, 0, 8, 1, 9, 9, 11, 4, 4, 5, 4, 11, 9, 0, 3, 9, 7, 11, 8, 0, 3, 4, 0, 11, 11, 3, 7, 7, 11, 4, 4, 5, 8, 9, 9]
56.86904761904762 254.24157340476197 [11, 11, 3, 0, 11, 7, 9, 5, 11, 9, 12, 4, 9, 8, 5, 4, 4, 11, 7, 2, 7, 9, 5, 7, 11, 0, 1, 11, 0, 4, 4, 0, 8, 5, 9, 7, 11, 3, 3, 7, 5, 0, 9, 8, 9, 5, 4, 4, 11, 9, 9, 1, 8, 4, 11, 3, 7, 9, 5, 4, 11, 0, 3, 11, 7, 5, 9, 7, 7, 9, 5, 9, 4, 11, 3, 11, 4, 7, 11, 11, 4, 8, 1, 9, 3, 11, 7, 7, 11, 12, 9, 5, 8, 0, 4, 11]
57.25952380952381 241.47987153968268 [7, 11, 9, 5, 4, 7, 9, 5, 9, 11, 2, 9, 5, 8, 5, 4, 4, 11, 7, 2, 7, 9, 5, 7, 11, 0, 1, 11, 0, 4, 4, 0, 8, 5, 9, 7, 11, 3, 3, 7, 5, 0, 9, 8, 9, 5, 9, 7, 2, 4, 3, 0, 8, 4, 11, 3, 7, 9, 5, 4, 7, 11, 2, 3, 9, 5, 4, 4, 11, 9, 9, 1, 8, 11, 7, 3, 11, 8, 0, 2, 9, 11, 4, 5, 9, 7, 3, 11, 7, 11, 4, 4, 5, 8, 9, 9]
54.297619047619044 392.8858790277775 [11, 9, 7, 0, 11, 7, 9, 5, 11, 9, 12, 4, 9, 8, 5, 0, 3, 15, 7, 11, 1, 15, 7, 11, 9, 9, 1, 3, 3, 15, 14, 10, 13, 0, 9, 12, 4, 4, 9, 5, 7, 12, 6, 1, 15, 14, 15, 3, 3, 1, 9, 9, 11, 7, 15, 15, 4, 13, 15, 12, 2, 9, 0, 13, 10, 9, 4, 11, 3, 11, 0, 11, 1, 15, 9, 0, 8, 7, 11, 3, 0, 11, 7, 9, 5, 11, 9, 12, 4, 9, 8, 5, 4, 4, 11, 9]
59.70238095238094 224.01373620238095 [7, 11, 9, 5, 4, 7, 9, 5, 9, 11, 2, 9, 5, 8, 0, 4, 4, 11, 7, 2, 7, 9, 5, 7, 11, 0, 1, 11, 0, 4, 4, 0, 8, 5, 9, 7, 11, 3, 3, 7, 5, 0, 9, 8, 9, 5, 4, 4, 11, 9, 9, 1, 8, 5, 7, 3, 11, 11, 0, 7, 3, 3, 11, 2, 4, 9, 7, 4, 11, 7, 9, 11, 7, 11, 3, 11, 4, 8, 1, 9, 9, 11, 4, 4, 9, 11, 11, 0, 7, 3, 9, 4, 5, 8, 9, 9]
58.96428571428571 227.83457546031747 [7, 11, 9, 5, 4, 7, 9, 5, 9, 11, 2, 9, 5, 8, 5, 4, 4, 11, 7, 2, 7, 9, 5, 7, 11, 0, 1, 11, 0, 4, 4, 0, 8, 5, 9, 7, 11, 3, 3, 7, 5, 0, 9, 8, 9, 5, 4, 4, 11, 9, 9, 1, 8, 4, 11, 3, 7, 9, 5, 4, 11, 0, 3, 11, 8, 4, 11, 3, 7, 9, 5, 7, 4, 11, 9, 4, 12, 7, 3, 3, 0, 11, 4, 5, 9, 7, 3, 11, 7, 11, 4, 4, 5, 8, 9, 9]
58.89285714285714 232.74108505555554 [7, 11, 9, 5, 4, 7, 9, 5, 9, 11, 2, 9, 5, 8, 0, 4, 4, 11, 7, 2, 7, 9, 5, 7, 11, 0, 1, 11, 0, 4, 4, 0, 8, 5, 9, 7, 11, 3, 3, 7, 5, 0, 9, 8, 9, 5, 4, 4, 11, 9, 3, 0, 8, 4, 5, 9, 11, 11, 0, 7, 3, 3, 11, 2, 4, 9, 7, 4, 7, 9, 5, 7, 3, 2, 11, 9, 5, 4, 11, 3, 9, 7, 7, 11, 5, 8, 3, 11, 4, 11, 11, 3, 0, 7, 9, 9]
59.46428571428571 225.75249734920635 [7, 11, 9, 5, 4, 7, 9, 5, 9, 11, 2, 9, 5, 8, 5, 4, 4, 11, 7, 2, 7, 9, 5, 7, 11, 0, 1, 11, 0, 4, 4, 0, 8, 5, 9, 7, 11, 3, 3, 7, 5, 0, 9, 8, 9, 5, 4, 4, 11, 9, 9, 1, 8, 5, 9, 7, 3, 4, 11, 4, 3, 0, 3, 11, 8, 4, 11, 3, 7, 9, 5, 7, 3, 2, 11, 9, 5, 4, 11, 3, 3, 7, 7, 11, 5, 8, 4, 7, 9, 0, 11, 11, 5, 8, 9, 9]
59.202380952380956 225.88852401984133 [7, 11, 9, 5, 4, 7, 9, 5, 9, 11, 2, 9, 5, 8, 5, 4, 4, 11, 7, 2, 7, 9, 5, 7, 11, 0, 1, 11, 0, 4, 4, 0, 8, 5, 9, 7, 11, 3, 3, 7, 5, 0, 9, 8, 9, 5, 4, 4, 11, 9, 9, 1, 8, 5, 11, 3, 7, 9, 5, 4, 11, 0, 3, 11, 8, 4, 11, 3, 7, 9, 5, 11, 4, 5, 9, 11, 2, 3, 7, 5, 9, 7, 3, 11, 4, 9, 11, 3, 11, 4, 9, 5, 4, 4, 9, 9]
60.21428571428571 219.4383846309523 [7, 11, 9, 5, 4, 7, 9, 5, 9, 11, 2, 9, 5, 8, 5, 4, 4, 11, 7, 2, 7, 9, 5, 7, 11, 0, 1, 11, 0, 4, 4, 0, 8, 5, 9, 7, 11, 3, 3, 7, 5, 0, 9, 8, 9, 5, 4, 4, 11, 9, 9, 1, 8, 5, 9, 7, 3, 4, 11, 4, 11, 3, 7, 9, 4, 4, 11, 3, 7, 9, 5, 7, 3, 2, 11, 9, 5, 4, 11, 3, 9, 7, 11, 9, 11, 3, 11, 4, 9, 5, 9, 7, 4, 11, 7, 9]
61.39285714285714 217.26999635317463 [7, 11, 9, 5, 4, 7, 9, 5, 9, 11, 2, 9, 5, 8, 5, 4, 4, 11, 7, 2, 7, 9, 5, 7, 11, 0, 1, 11, 0, 4, 4, 0, 8, 5, 9, 7, 11, 3, 3, 7, 5, 0, 9, 11, 4, 5, 4, 4, 11, 9, 9, 1, 8, 4, 7, 3, 11, 11, 0, 4, 7, 0, 3, 11, 7, 5, 9, 7, 7, 9, 5, 9, 4, 11, 3, 11, 4, 7, 11, 3, 0, 11, 4, 5, 9, 7, 3, 11, 7, 11, 4, 4, 5, 8, 9, 9]
60.166666666666664 221.2380336785714 [7, 11, 7, 9, 11, 7, 9, 5, 9, 11, 2, 9, 5, 8, 0, 4, 4, 11, 7, 2, 7, 9, 5, 7, 11, 0, 1, 11, 0, 4, 4, 0, 8, 5, 9, 7, 11, 3, 3, 7, 5, 0, 9, 8, 9, 5, 4, 4, 11, 9, 9, 1, 8, 5, 11, 4, 7, 9, 5, 9, 4, 11, 3, 11, 9, 4, 11, 3, 7, 9, 5, 7, 3, 2, 11, 9, 5, 4, 11, 3, 9, 7, 11, 11, 4, 3, 7, 9, 7, 9, 3, 11, 4, 4, 9, 9]
63.71428571428571 215.86715226984128 [7, 11, 9, 5, 4, 7, 9, 5, 9, 11, 2, 9, 5, 8, 5, 4, 4, 11, 7, 2, 7, 9, 5, 7, 11, 0, 1, 11, 0, 4, 4, 0, 8, 5, 9, 7, 11, 3, 3, 7, 5, 0, 9, 11, 4, 5, 9, 7, 2, 4, 4, 5, 9, 11, 11, 3, 7, 9, 5, 4, 7, 0, 3, 9, 9, 5, 9, 7, 4, 7, 11, 3, 11, 11, 3, 9, 9, 7, 11, 3, 0, 11, 4, 5, 9, 7, 3, 11, 7, 5, 9, 11, 3, 4, 9, 9]
58.67857142857143 233.81150867063502 [7, 11, 9, 5, 4, 7, 9, 5, 9, 11, 2, 9, 5, 8, 5, 4, 4, 11, 7, 2, 7, 9, 5, 7, 11, 0, 1, 11, 0, 4, 4, 0, 8, 5, 9, 7, 11, 3, 3, 7, 5, 0, 9, 8, 9, 5, 4, 4, 11, 9, 9, 1, 8, 5, 9, 7, 3, 4, 11, 4, 3, 5, 4, 4, 11, 7, 7, 3, 11, 11, 0, 4, 3, 0, 8, 11, 7, 9, 3, 11, 4, 5, 9, 11, 2, 3, 7, 5, 9, 7, 4, 5, 9, 4, 9, 9]
81.82142857142857 211.64515802380959 [11, 4, 9, 5, 9, 7, 9, 5, 9, 11, 2, 9, 5, 8, 0, 4, 4, 11, 7, 2, 7, 9, 5, 7, 11, 0, 1, 11, 0, 4, 4, 0, 8, 5, 9, 7, 11, 3, 3, 7, 5, 0, 9, 8, 4, 5, 9, 7, 2, 4, 3, 0, 8, 4, 11, 3, 7, 9, 5, 4, 7, 0, 3, 11, 7, 5, 9, 7, 9, 7, 9, 11, 9, 11, 7, 9, 9, 7, 3, 11, 11, 7, 9, 4, 3, 3, 4, 11, 7, 7, 4, 5, 7, 4, 11, 3]
72.66666666666667 212.26262114682547 [9, 7, 9, 7, 3, 4, 11, 11, 7, 9, 3, 11, 4, 5, 5, 4, 4, 11, 7, 2, 7, 9, 5, 7, 11, 0, 1, 11, 0, 4, 4, 0, 8, 5, 9, 7, 11, 3, 3, 7, 5, 0, 9, 8, 9, 5, 4, 4, 11, 9, 9, 1, 8, 5, 11, 4, 7, 9, 5, 9, 4, 11, 3, 11, 9, 4, 11, 3, 7, 9, 5, 7, 3, 2, 11, 0, 7, 3, 3, 11, 7, 9, 9, 7, 3, 11, 4, 4, 9, 7, 4, 5, 5, 4, 11, 3]
69.02380952380952 213.37959314285723 [7, 9, 5, 5, 9, 7, 9, 5, 9, 11, 2, 9, 5, 8, 0, 4, 4, 11, 7, 2, 7, 9, 5, 7, 11, 0, 1, 11, 0, 4, 4, 0, 8, 5, 9, 7, 11, 3, 3, 7, 5, 0, 9, 8, 4, 5, 9, 7, 2, 4, 3, 0, 8, 4, 11, 3, 7, 9, 5, 4, 7, 0, 3, 11, 7, 5, 9, 4, 11, 11, 4, 11, 9, 11, 7, 9, 9, 7, 3, 11, 11, 7, 9, 4, 3, 3, 4, 11, 7, 3, 11, 4, 9, 5, 9, 7]
69.35714285714286 212.8692437023809 [4, 9, 9, 5, 4, 7, 9, 5, 9, 11, 2, 9, 5, 8, 5, 4, 4, 11, 7, 2, 7, 9, 5, 7, 11, 0, 1, 11, 0, 4, 4, 0, 8, 5, 9, 7, 11, 3, 3, 7, 5, 0, 9, 8, 9, 5, 4, 4, 11, 9, 9, 1, 8, 4, 11, 3, 7, 9, 5, 4, 11, 0, 9, 7, 3, 7, 3, 2, 11, 9, 5, 4, 11, 3, 9, 7, 11, 11, 4, 3, 7, 9, 7, 9, 3, 11, 4, 4, 9, 7, 11, 9, 11, 3, 11, 11]
68.61904761904762 214.16289724603178 [11, 4, 9, 5, 9, 7, 9, 5, 9, 11, 2, 9, 5, 8, 0, 4, 4, 11, 7, 2, 7, 9, 5, 7, 11, 0, 1, 11, 0, 4, 4, 0, 8, 5, 9, 7, 11, 3, 3, 7, 5, 0, 9, 8, 9, 5, 7, 11, 9, 4, 3, 0, 8, 4, 11, 3, 3, 7, 0, 11, 7, 0, 3, 3, 11, 11, 9, 7, 7, 9, 5, 9, 4, 11, 3, 11, 4, 8, 0, 9, 9, 3, 11, 7, 3, 9, 7, 11, 9, 5, 4, 11, 8, 4, 11, 3]
65.25 214.75405336507933 [11, 4, 9, 5, 9, 7, 9, 5, 9, 11, 2, 9, 5, 8, 0, 4, 4, 11, 7, 2, 7, 9, 5, 7, 11, 0, 1, 11, 0, 4, 4, 0, 8, 5, 9, 7, 11, 3, 3, 7, 5, 0, 9, 8, 4, 5, 9, 7, 2, 4, 3, 0, 8, 4, 11, 3, 7, 9, 5, 4, 11, 0, 3, 11, 8, 4, 11, 3, 7, 9, 5, 7, 3, 2, 4, 5, 9, 4, 4, 3, 11, 4, 9, 5, 9, 7, 7, 9, 5, 7, 11, 3, 0, 7, 11, 3]
64.30952380952381 214.85814002380957 [3, 11, 7, 9, 11, 7, 9, 5, 9, 11, 2, 9, 5, 8, 0, 4, 4, 11, 7, 2, 7, 9, 5, 7, 11, 0, 1, 11, 0, 4, 4, 0, 8, 5, 9, 7, 11, 3, 3, 7, 5, 0, 9, 8, 9, 5, 7, 11, 9, 4, 3, 0, 8, 4, 11, 3, 3, 7, 0, 11, 11, 9, 4, 9, 9, 7, 11, 3, 3, 7, 0, 11, 9, 11, 4, 5, 9, 7, 3, 11, 4, 7, 4, 5, 9, 7, 3, 11, 7, 9, 9, 8, 5, 4, 4, 11]
54.58690476190476 309.30326074206346 [7, 9, 7, 0, 11, 7, 9, 5, 11, 9, 12, 4, 9, 8, 5, 0, 3, 2, 15, 11, 1, 15, 7, 11, 9, 9, 1, 3, 3, 15, 14, 10, 13, 0, 9, 12, 4, 15, 3, 7, 5, 0, 9, 9, 11, 7, 15, 1, 11, 15, 2, 1, 11, 0, 11, 3, 11, 4, 0, 11, 3, 12, 7, 3, 8, 5, 15, 1, 11, 7, 5, 9, 4, 11, 3, 11, 4, 8, 0, 3, 4, 2, 7, 0, 8, 9, 5, 4, 11, 15, 4, 8, 0, 11, 1, 15]
54.7420634920635 294.5694938214285 [7, 9, 7, 0, 11, 7, 9, 5, 11, 9, 12, 4, 9, 8, 5, 0, 3, 15, 7, 2, 7, 9, 3, 11, 4, 8, 1, 11, 0, 4, 4, 0, 8, 5, 9, 7, 11, 3, 7, 0, 11, 12, 9, 8, 9, 5, 4, 4, 11, 9, 9, 1, 8, 5, 9, 7, 3, 4, 5, 4, 11, 0, 3, 11, 7, 5, 9, 7, 5, 8, 1, 9, 9, 11, 11, 3, 15, 1, 0, 11, 1, 3, 7, 9, 5, 4, 11, 11, 9, 8, 4, 8, 0, 3, 7, 15]
54.49801587301587 341.65787924801583 [7, 9, 7, 0, 11, 7, 9, 5, 11, 9, 12, 4, 9, 8, 5, 0, 3, 15, 7, 2, 7, 9, 3, 11, 4, 8, 1, 11, 0, 4, 4, 0, 8, 5, 9, 7, 11, 3, 7, 0, 11, 3, 7, 15, 13, 4, 15, 5, 9, 7, 3, 1, 11, 0, 1, 15, 4, 5, 11, 11, 9, 2, 12, 15, 13, 1, 0, 11, 1, 3, 7, 9, 5, 4, 11, 5, 9, 12, 2, 9, 11, 11, 5, 4, 15, 1, 0, 7, 4, 9, 0, 11, 1, 0, 7, 15]
54.357142857142854 369.6411509563491 [7, 9, 7, 0, 11, 7, 9, 5, 11, 9, 12, 4, 9, 8, 5, 0, 3, 2, 15, 11, 1, 15, 7, 11, 9, 9, 1, 3, 3, 15, 14, 10, 13, 0, 9, 12, 4, 15, 6, 3, 11, 0, 2, 11, 4, 5, 9, 7, 2, 4, 3, 0, 8, 4, 11, 3, 7, 9, 5, 4, 11, 0, 8, 4, 11, 3, 6, 15, 7, 5, 0, 0, 8, 5, 9, 8, 0, 3, 4, 2, 7, 8, 0, 0, 5, 7, 15, 6, 3, 11, 4, 8, 0, 11, 1, 15]
55.86904761904763 258.03512292857147 [11, 11, 3, 0, 11, 7, 9, 5, 11, 9, 12, 4, 9, 8, 5, 4, 4, 11, 7, 2, 7, 9, 5, 7, 11, 0, 1, 11, 0, 4, 4, 0, 8, 5, 9, 7, 11, 3, 3, 7, 5, 0, 9, 11, 4, 5, 4, 4, 11, 9, 9, 1, 8, 4, 11, 3, 7, 9, 5, 4, 11, 0, 3, 11, 8, 4, 11, 3, 7, 9, 5, 7, 4, 11, 9, 4, 12, 9, 11, 5, 9, 7, 11, 0, 3, 11, 7, 7, 11, 12, 9, 5, 8, 0, 4, 11]
55.74206349206349 263.8646216547619 [7, 11, 9, 5, 4, 7, 9, 5, 9, 11, 2, 9, 5, 8, 5, 4, 4, 11, 7, 2, 7, 9, 5, 7, 11, 0, 1, 11, 0, 4, 4, 0, 8, 5, 9, 7, 11, 3, 3, 7, 5, 0, 9, 8, 9, 5, 4, 4, 11, 9, 9, 1, 8, 4, 8, 5, 9, 7, 3, 4, 11, 4, 3, 0, 8, 4, 8, 9, 11, 11, 5, 7, 3, 2, 11, 9, 5, 4, 11, 3, 9, 7, 11, 8, 0, 7, 4, 7, 9, 0, 11, 11, 5, 8, 9, 9]
56.666666666666664 255.32289563095242 [7, 11, 9, 5, 4, 7, 9, 5, 9, 11, 2, 9, 5, 8, 5, 4, 4, 11, 7, 2, 7, 9, 5, 7, 11, 0, 1, 11, 0, 4, 4, 0, 8, 5, 9, 7, 11, 3, 3, 7, 5, 0, 9, 8, 9, 5, 4, 4, 11, 4, 3, 0, 8, 4, 11, 3, 7, 9, 5, 4, 11, 9, 2, 0, 8, 5, 11, 5, 9, 7, 3, 4, 11, 4, 9, 7, 3, 11, 4, 8, 1, 9, 9, 0, 11, 11, 3, 7, 7, 11, 4, 4, 5, 8, 9, 9]
56.44642857142856 257.9992984742063 [11, 11, 3, 0, 11, 7, 9, 5, 11, 9, 12, 4, 9, 8, 5, 4, 4, 11, 7, 2, 7, 9, 5, 7, 11, 0, 1, 11, 0, 4, 4, 0, 8, 5, 9, 7, 11, 3, 3, 7, 5, 0, 9, 11, 4, 5, 4, 4, 11, 9, 9, 1, 8, 4, 11, 3, 7, 9, 5, 4, 0, 8, 5, 9, 12, 11, 7, 7, 11, 3, 0, 11, 7, 9, 5, 11, 9, 12, 4, 9, 11, 4, 7, 5, 9, 7, 3, 11, 4, 8, 11, 3, 0, 11, 4, 11]
56.44642857142856 257.9992984742063 [11, 11, 3, 0, 11, 7, 9, 5, 11, 9, 12, 4, 9, 8, 5, 4, 4, 11, 7, 2, 7, 9, 5, 7, 11, 0, 1, 11, 0, 4, 4, 0, 8, 5, 9, 7, 11, 3, 3, 7, 5, 0, 9, 11, 4, 5, 4, 4, 11, 9, 9, 1, 8, 4, 11, 3, 7, 9, 5, 4, 0, 8, 5, 9, 12, 11, 7, 7, 11, 3, 0, 11, 7, 9, 5, 11, 9, 12, 4, 9, 11, 4, 7, 5, 9, 7, 3, 11, 4, 8, 11, 3, 0, 11, 4, 11]
55.511904761904766 281.6256779285715 [11, 11, 3, 0, 11, 7, 9, 5, 11, 9, 12, 4, 9, 8, 5, 4, 4, 11, 7, 2, 7, 9, 5, 7, 11, 0, 1, 11, 0, 4, 4, 0, 8, 5, 9, 7, 11, 3, 3, 7, 5, 0, 9, 11, 4, 5, 4, 4, 11, 9, 9, 1, 8, 4, 11, 3, 7, 9, 5, 4, 11, 4, 0, 8, 5, 9, 12, 11, 7, 7, 11, 3, 0, 11, 7, 9, 5, 11, 9, 12, 4, 9, 11, 4, 7, 5, 9, 7, 3, 11, 4, 8, 11, 3, 0, 11]
55.470238095238095 285.3952789107144 [11, 11, 3, 0, 11, 7, 9, 5, 11, 9, 12, 4, 9, 8, 5, 4, 4, 11, 7, 2, 7, 9, 5, 7, 11, 0, 1, 11, 0, 4, 4, 0, 8, 5, 9, 7, 11, 3, 3, 7, 5, 0, 9, 8, 9, 5, 4, 4, 11, 9, 9, 1, 8, 5, 9, 11, 7, 7, 11, 3, 0, 11, 11, 4, 7, 5, 9, 7, 3, 11, 4, 8, 11, 3, 0, 11, 4, 5, 9, 7, 11, 3, 0, 11, 4, 5, 9, 7, 3, 12, 9, 5, 8, 0, 4, 11]
58.59285714285714 235.44726179761895 [7, 11, 9, 5, 4, 7, 9, 5, 9, 11, 2, 9, 5, 8, 5, 4, 4, 11, 7, 2, 7, 9, 5, 7, 11, 0, 1, 11, 0, 4, 4, 0, 8, 5, 9, 7, 11, 3, 3, 7, 5, 0, 9, 8, 4, 5, 4, 4, 11, 9, 9, 1, 8, 4, 11, 3, 7, 9, 5, 4, 11, 0, 9, 7, 3, 11, 0, 7, 15, 7, 7, 3, 11, 5, 4, 4, 0, 11, 1, 3, 7, 9, 0, 11, 4, 5, 9, 7, 3, 9, 9, 0, 11, 8, 9, 9]
57.89285714285714 236.73662795238093 [7, 11, 9, 5, 4, 7, 9, 5, 9, 11, 2, 9, 5, 8, 5, 4, 4, 11, 7, 2, 7, 9, 5, 7, 11, 0, 1, 11, 0, 4, 4, 0, 8, 5, 9, 7, 11, 3, 3, 7, 5, 0, 9, 11, 4, 5, 9, 7, 2, 4, 3, 0, 8, 4, 11, 3, 7, 9, 5, 4, 7, 0, 9, 9, 5, 4, 11, 3, 9, 7, 11, 8, 0, 3, 4, 2, 7, 9, 5, 4, 11, 9, 9, 0, 8, 4, 11, 3, 7, 9, 5, 7, 3, 2, 11, 9]
57.819047619047616 239.0064557341271 [7, 11, 9, 5, 4, 7, 9, 5, 9, 11, 2, 9, 5, 8, 5, 4, 4, 11, 7, 2, 7, 9, 5, 7, 11, 0, 1, 11, 0, 4, 4, 0, 8, 5, 9, 7, 11, 3, 3, 7, 5, 0, 9, 8, 9, 5, 4, 4, 11, 9, 9, 1, 8, 5, 11, 4, 7, 9, 9, 11, 4, 5, 9, 7, 3, 11, 7, 8, 11, 3, 0, 11, 4, 5, 9, 7, 3, 11, 4, 8, 1, 9, 9, 4, 11, 4, 9, 7, 4, 8, 11, 3, 0, 11, 9, 9]
57.15238095238095 248.97159984126984 [7, 11, 9, 5, 4, 7, 9, 5, 9, 11, 2, 9, 5, 8, 5, 4, 4, 11, 7, 2, 7, 9, 5, 7, 11, 0, 1, 11, 0, 4, 4, 0, 8, 5, 9, 7, 11, 3, 3, 7, 5, 0, 9, 8, 4, 5, 4, 4, 11, 9, 9, 1, 8, 4, 11, 3, 7, 9, 5, 4, 11, 0, 9, 7, 3, 1, 11, 0, 4, 4, 5, 11, 3, 7, 7, 11, 5, 8, 1, 9, 9, 11, 9, 7, 3, 11, 4, 8, 1, 9, 9, 0, 11, 8, 9, 9]
57.25952380952381 243.7775031071429 [7, 11, 9, 5, 4, 7, 9, 5, 9, 11, 2, 9, 5, 8, 5, 4, 4, 11, 7, 2, 7, 9, 5, 7, 11, 0, 1, 11, 0, 4, 4, 0, 8, 5, 9, 7, 11, 3, 3, 7, 5, 0, 9, 8, 9, 5, 4, 4, 11, 9, 9, 1, 8, 5, 9, 7, 3, 4, 11, 4, 15, 1, 0, 5, 9, 7, 3, 11, 4, 8, 0, 3, 4, 2, 7, 9, 5, 7, 3, 2, 11, 9, 5, 4, 11, 3, 9, 7, 7, 11, 4, 4, 5, 8, 9, 9]
57.39285714285714 243.1927082380953 [7, 11, 9, 5, 4, 7, 9, 5, 9, 11, 2, 9, 5, 8, 5, 4, 4, 11, 7, 2, 7, 9, 5, 7, 11, 0, 1, 11, 0, 4, 4, 0, 8, 5, 9, 7, 11, 3, 3, 7, 5, 0, 9, 8, 9, 5, 4, 4, 11, 9, 9, 1, 8, 4, 11, 3, 7, 9, 5, 4, 11, 0, 3, 11, 4, 4, 9, 7, 3, 11, 5, 8, 1, 9, 9, 11, 4, 4, 5, 11, 4, 7, 3, 11, 4, 8, 11, 3, 0, 11, 4, 5, 5, 8, 9, 9]
59.08333333333332 228.80367999603192 [7, 11, 9, 5, 4, 7, 9, 5, 9, 11, 2, 9, 5, 8, 5, 4, 4, 11, 7, 2, 7, 9, 5, 7, 11, 0, 1, 11, 0, 4, 4, 0, 8, 5, 9, 7, 11, 3, 3, 7, 5, 0, 9, 8, 7, 5, 9, 7, 2, 4, 4, 5, 9, 11, 11, 3, 7, 9, 5, 4, 7, 0, 8, 11, 7, 9, 3, 11, 4, 5, 9, 11, 2, 3, 7, 5, 11, 11, 9, 8, 4, 8, 0, 3, 4, 11, 4, 3, 7, 9, 11, 11, 5, 8, 9, 9]
59.601190476190474 227.10693253373014 [7, 11, 9, 5, 4, 7, 9, 5, 9, 11, 2, 9, 5, 8, 5, 4, 4, 11, 7, 2, 7, 9, 5, 7, 11, 0, 1, 11, 0, 4, 4, 0, 8, 5, 9, 7, 11, 3, 3, 7, 5, 0, 9, 11, 4, 5, 9, 4, 11, 9, 9, 1, 8, 4, 11, 3, 7, 9, 5, 4, 8, 5, 4, 4, 11, 7, 7, 3, 11, 11, 0, 7, 3, 3, 11, 5, 4, 4, 11, 9, 9, 0, 8, 4, 11, 3, 7, 9, 5, 7, 11, 3, 0, 11, 9, 9]
59.601190476190474 227.10693253373014 [7, 11, 9, 5, 4, 7, 9, 5, 9, 11, 2, 9, 5, 8, 5, 4, 4, 11, 7, 2, 7, 9, 5, 7, 11, 0, 1, 11, 0, 4, 4, 0, 8, 5, 9, 7, 11, 3, 3, 7, 5, 0, 9, 11, 4, 5, 9, 4, 11, 9, 9, 1, 8, 4, 11, 3, 7, 9, 5, 4, 8, 5, 4, 4, 11, 7, 7, 3, 11, 11, 0, 7, 3, 3, 11, 5, 4, 4, 11, 9, 9, 0, 8, 4, 11, 3, 7, 9, 5, 7, 11, 3, 0, 11, 9, 9]
59.63095238095238 227.1021077698413 [11, 9, 9, 5, 11, 7, 9, 5, 9, 11, 2, 9, 5, 8, 0, 4, 4, 11, 7, 2, 7, 9, 5, 7, 11, 0, 1, 11, 0, 4, 4, 0, 8, 5, 9, 7, 11, 3, 3, 7, 5, 0, 9, 8, 7, 5, 9, 7, 2, 4, 4, 5, 9, 11, 11, 3, 7, 9, 5, 4, 11, 0, 3, 11, 8, 4, 11, 3, 7, 9, 5, 7, 3, 2, 11, 9, 5, 4, 0, 3, 4, 0, 11, 11, 3, 7, 7, 11, 4, 4, 5, 8, 9, 11, 9, 9]
60.86666666666667 219.53747202380953 [9, 11, 9, 5, 4, 7, 9, 5, 9, 11, 2, 9, 5, 8, 5, 4, 4, 11, 7, 2, 7, 9, 5, 7, 11, 0, 1, 11, 0, 4, 4, 0, 8, 5, 9, 7, 11, 3, 3, 7, 5, 0, 9, 8, 9, 5, 4, 4, 11, 9, 9, 1, 8, 5, 11, 3, 7, 9, 5, 4, 11, 0, 3, 11, 8, 4, 11, 3, 7, 9, 5, 7, 4, 11, 8, 4, 11, 3, 7, 4, 11, 3, 7, 9, 5, 4, 11, 9, 11, 0, 7, 3, 3, 11, 7, 9]
61.503968253968246 217.34167012698418 [7, 11, 9, 5, 11, 7, 9, 5, 9, 11, 2, 9, 5, 8, 0, 4, 4, 11, 7, 2, 7, 9, 5, 7, 11, 0, 1, 11, 0, 4, 4, 0, 8, 5, 9, 7, 11, 3, 3, 7, 5, 0, 9, 8, 4, 5, 9, 7, 2, 4, 3, 0, 8, 4, 11, 3, 7, 9, 5, 4, 7, 0, 3, 11, 7, 5, 9, 7, 7, 9, 5, 9, 4, 11, 3, 11, 4, 8, 0, 9, 9, 7, 11, 3, 3, 7, 0, 11, 11, 9, 7, 11, 5, 8, 9, 9]
61.46428571428571 218.62571687301585 [7, 11, 9, 5, 4, 7, 9, 5, 9, 11, 2, 9, 5, 8, 5, 4, 4, 11, 7, 2, 7, 9, 5, 7, 11, 0, 1, 11, 0, 4, 4, 0, 8, 5, 9, 7, 11, 3, 3, 7, 5, 0, 9, 8, 9, 5, 4, 4, 11, 9, 9, 1, 8, 4, 11, 3, 7, 9, 5, 4, 11, 0, 3, 11, 9, 4, 11, 3, 7, 9, 5, 7, 3, 2, 11, 9, 5, 4, 11, 3, 9, 11, 4, 5, 9, 7, 3, 11, 7, 8, 11, 3, 0, 11, 9, 9]
61.49285714285714 218.50420820238097 [7, 11, 9, 5, 4, 7, 9, 5, 9, 11, 2, 9, 5, 8, 5, 4, 4, 11, 7, 2, 7, 9, 5, 7, 11, 0, 1, 11, 0, 4, 4, 0, 8, 5, 9, 7, 11, 3, 3, 7, 5, 0, 9, 8, 9, 5, 4, 4, 11, 9, 9, 1, 8, 5, 11, 3, 7, 9, 5, 9, 4, 11, 7, 9, 4, 4, 11, 3, 9, 7, 9, 7, 3, 4, 11, 11, 7, 9, 3, 11, 4, 5, 9, 11, 2, 3, 7, 5, 9, 7, 3, 11, 4, 9, 11, 3]
60.202380952380956 226.5112553253969 [7, 11, 9, 5, 4, 7, 9, 5, 9, 11, 2, 9, 5, 8, 5, 4, 4, 11, 7, 2, 7, 9, 5, 7, 11, 0, 1, 11, 0, 4, 4, 0, 8, 5, 9, 7, 11, 3, 3, 7, 5, 0, 9, 8, 9, 5, 9, 7, 2, 4, 4, 5, 9, 11, 11, 3, 7, 9, 5, 4, 7, 0, 3, 4, 11, 7, 11, 3, 7, 9, 5, 4, 11, 0, 3, 11, 7, 12, 4, 9, 11, 4, 7, 5, 9, 7, 3, 11, 4, 8, 11, 3, 0, 11, 9, 9]
60.61904761904761 221.97706599603174 [7, 11, 9, 5, 4, 7, 9, 5, 9, 11, 2, 9, 5, 8, 5, 4, 4, 11, 7, 2, 7, 9, 5, 7, 11, 0, 1, 11, 0, 4, 4, 0, 8, 5, 9, 7, 11, 3, 3, 7, 5, 0, 9, 8, 9, 5, 4, 4, 11, 9, 9, 1, 8, 5, 11, 3, 7, 9, 4, 4, 11, 3, 7, 9, 9, 7, 11, 3, 3, 7, 0, 11, 9, 11, 4, 5, 9, 7, 3, 11, 4, 7, 3, 11, 4, 8, 11, 3, 0, 11, 4, 5, 5, 8, 9, 9]
60.46428571428571 224.19219530158728 [7, 11, 9, 5, 4, 7, 9, 5, 9, 11, 2, 9, 5, 8, 5, 4, 4, 11, 7, 2, 7, 9, 5, 7, 11, 0, 1, 11, 0, 4, 4, 0, 8, 5, 9, 7, 11, 3, 3, 7, 5, 0, 9, 11, 4, 5, 4, 4, 11, 9, 9, 1, 8, 4, 11, 3, 7, 9, 5, 4, 11, 0, 3, 11, 8, 4, 11, 3, 11, 9, 5, 4, 11, 3, 9, 7, 11, 8, 0, 3, 4, 0, 11, 11, 3, 7, 4, 11, 7, 11, 4, 4, 5, 8, 9, 9]
71.32142857142857 213.52782251984135 [11, 4, 9, 5, 9, 7, 9, 5, 9, 11, 2, 9, 5, 8, 0, 4, 4, 11, 7, 2, 7, 9, 5, 7, 11, 0, 1, 11, 0, 4, 4, 0, 8, 5, 9, 7, 11, 3, 3, 7, 5, 0, 9, 8, 4, 5, 9, 4, 4, 3, 11, 4, 9, 5, 9, 7, 7, 9, 5, 4, 7, 0, 3, 9, 9, 7, 11, 3, 3, 7, 0, 11, 9, 11, 4, 2, 7, 9, 5, 4, 7, 11, 3, 7, 11, 4, 11, 4, 11, 4, 3, 0, 8, 4, 11, 3]
75.53571428571429 213.09832852380958 [9, 7, 3, 4, 11, 11, 7, 9, 3, 11, 4, 5, 9, 8, 5, 4, 4, 11, 7, 2, 7, 9, 5, 7, 11, 0, 1, 11, 0, 4, 4, 0, 8, 5, 9, 7, 11, 3, 3, 7, 5, 0, 9, 8, 9, 5, 4, 4, 11, 9, 9, 1, 8, 5, 11, 4, 7, 9, 5, 9, 4, 11, 3, 11, 9, 4, 11, 3, 7, 9, 5, 7, 4, 9, 11, 0, 7, 3, 3, 11, 7, 9, 9, 7, 3, 11, 4, 11, 7, 9, 4, 4, 11, 3, 9, 7]
69.64285714285714 214.429532607143 [3, 11, 7, 9, 11, 7, 9, 5, 9, 11, 2, 9, 5, 8, 0, 4, 4, 11, 7, 2, 7, 9, 5, 7, 11, 0, 1, 11, 0, 4, 4, 0, 8, 5, 9, 7, 11, 3, 3, 7, 5, 0, 9, 8, 7, 5, 9, 7, 2, 4, 4, 5, 9, 11, 11, 3, 7, 9, 5, 4, 7, 0, 3, 11, 7, 5, 9, 7, 7, 9, 5, 9, 4, 11, 3, 9, 9, 11, 4, 4, 9, 11, 11, 0, 7, 3, 3, 11, 7, 9, 9, 3, 0, 7, 4, 11]
64.78571428571428 214.88681648809523 [7, 11, 9, 5, 4, 7, 9, 5, 9, 11, 2, 9, 5, 8, 5, 4, 4, 11, 7, 2, 7, 9, 5, 7, 11, 0, 1, 11, 0, 4, 4, 0, 8, 5, 9, 7, 11, 3, 3, 7, 5, 0, 9, 8, 9, 5, 4, 4, 11, 9, 9, 1, 8, 5, 11, 4, 7, 9, 5, 9, 4, 9, 4, 11, 3, 11, 9, 4, 11, 3, 7, 9, 5, 7, 3, 2, 11, 9, 5, 4, 11, 3, 9, 7, 11, 11, 4, 3, 7, 9, 7, 9, 3, 11, 4, 9]
64.57142857142857 214.95134755952378 [7, 11, 9, 5, 4, 7, 9, 5, 9, 11, 2, 9, 5, 8, 0, 4, 4, 11, 7, 2, 7, 9, 5, 7, 11, 0, 1, 11, 0, 4, 4, 0, 8, 5, 9, 7, 11, 3, 3, 7, 5, 0, 9, 8, 9, 5, 4, 4, 11, 9, 9, 1, 8, 5, 11, 4, 7, 9, 5, 9, 4, 9, 4, 11, 3, 11, 9, 4, 11, 3, 7, 9, 5, 7, 3, 2, 11, 9, 5, 4, 11, 3, 9, 7, 11, 11, 4, 3, 7, 9, 7, 9, 3, 11, 4, 9]
64.42857142857143 217.11251388095238 [7, 9, 9, 5, 4, 7, 9, 5, 9, 11, 2, 9, 5, 8, 5, 4, 4, 11, 7, 2, 7, 9, 5, 7, 11, 0, 1, 11, 0, 4, 4, 0, 8, 5, 9, 7, 11, 3, 3, 7, 5, 0, 9, 8, 9, 5, 4, 4, 11, 9, 9, 1, 8, 5, 11, 4, 7, 9, 5, 9, 4, 4, 11, 3, 9, 11, 7, 9, 4, 11, 3, 11, 9, 4, 11, 3, 7, 9, 5, 7, 3, 2, 11, 9, 5, 4, 11, 3, 9, 7, 11, 11, 4, 3, 7, 9]
81.80952380952381 213.11886001587305 [7, 11, 3, 4, 7, 0, 3, 9, 9, 7, 11, 3, 3, 7, 0, 11, 11, 9, 7, 2, 7, 9, 5, 7, 11, 0, 1, 11, 0, 4, 4, 0, 8, 5, 9, 7, 11, 3, 3, 7, 5, 0, 9, 8, 7, 5, 9, 7, 2, 4, 4, 5, 9, 11, 11, 3, 7, 9, 5, 4, 7, 0, 3, 11, 7, 5, 9, 7, 7, 9, 5, 9, 9, 11, 7, 9, 9, 7, 3, 11, 11, 7, 9, 4, 3, 3, 4, 11, 7, 11, 9, 5, 9, 7, 11, 9]
54.464285714285715 380.67303064682517 [7, 9, 7, 0, 11, 7, 9, 5, 11, 9, 12, 4, 9, 8, 5, 0, 3, 2, 0, 3, 4, 15, 7, 11, 9, 9, 1, 3, 3, 15, 14, 10, 13, 0, 9, 12, 4, 15, 3, 14, 15, 3, 3, 1, 9, 9, 11, 7, 15, 1, 11, 15, 8, 4, 11, 3, 11, 4, 9, 5, 7, 12, 6, 1, 15, 9, 4, 11, 3, 11, 0, 11, 1, 15, 9, 0, 8, 2, 7, 9, 5, 8, 0, 0, 5, 7, 15, 6, 3, 11, 4, 8, 0, 11, 1, 15]
76.78571428571428 213.285565638889 [11, 4, 9, 5, 9, 7, 9, 5, 9, 11, 2, 9, 5, 8, 0, 4, 4, 11, 7, 2, 7, 9, 5, 7, 11, 0, 1, 11, 0, 4, 4, 0, 8, 5, 9, 7, 11, 3, 3, 7, 5, 0, 9, 8, 9, 5, 7, 11, 9, 4, 3, 0, 8, 4, 3, 3, 4, 11, 0, 4, 7, 0, 3, 11, 7, 5, 9, 7, 7, 9, 5, 9, 4, 11, 3, 4, 4, 5, 8, 9, 7, 11, 11, 3, 7, 9, 9, 7, 11, 3, 3, 7, 0, 11, 11, 3]
61.49285714285714 220.34440945238097 [7, 11, 9, 5, 4, 7, 9, 5, 9, 11, 2, 9, 5, 8, 5, 4, 4, 11, 7, 2, 7, 9, 5, 7, 11, 0, 1, 11, 0, 4, 4, 0, 8, 5, 9, 7, 11, 3, 3, 7, 5, 0, 9, 8, 9, 5, 4, 4, 11, 9, 9, 1, 8, 5, 11, 4, 7, 9, 5, 9, 4, 11, 7, 9, 4, 4, 11, 3, 9, 7, 9, 7, 3, 4, 11, 11, 7, 9, 3, 11, 4, 5, 9, 11, 2, 3, 7, 5, 9, 7, 3, 11, 4, 9, 11, 3]
60.00952380952381 317.4435695753966 [11, 9, 7, 0, 11, 7, 9, 5, 11, 9, 12, 4, 9, 8, 5, 0, 3, 15, 7, 11, 1, 15, 7, 11, 9, 9, 1, 3, 3, 15, 14, 10, 13, 0, 9, 12, 4, 4, 9, 7, 5, 0, 9, 8, 9, 5, 4, 4, 11, 9, 9, 1, 8, 5, 11, 4, 7, 9, 15, 1, 11, 0, 11, 3, 11, 4, 9, 10, 13, 0, 9, 2, 12, 15, 13, 4, 15, 15, 7, 11, 9, 9, 1, 9, 5, 11, 9, 12, 4, 9, 8, 5, 4, 4, 11, 9]
