3
5
1.0 0 800 400
2.12 0 700 150
2.12 1 500 150
2.12 2 400 150
3.56 2 600 900
21
900
900
1500
1400
2200
1700
1400
2200
2100
2300
1000
900
1400
1800
2500
1100
1700
2000
1100
2200
2100
0 6 9 0 0 0 0 0 0 0 0 0 0 0 0 0 0 0 0 0 0
0 0 0 5 16 0 0 0 0 0 0 0 0 0 0 0 0 0 0 0 0
0 0 0 0 0 2 12 0 0 0 0 0 0 0 0 0 0 0 0 0 0
0 0 0 0 0 0 0 3 11 0 0 0 0 0 0 0 0 0 0 0 0
0 0 0 0 0 0 0 0 0 16 16 0 0 0 0 0 0 0 0 0 0
0 0 0 0 0 0 0 0 0 16 13 0 0 0 0 0 0 0 0 0 0
0 0 0 0 0 0 0 0 0 0 0 15 1 0 0 0 0 0 0 0 0
0 0 0 0 0 0 0 0 0 0 0 0 5 7 0 0 0 0 0 0 0
0 0 0 0 0 0 0 0 0 0 0 0 0 11 19 0 0 0 0 0 0
0 0 0 0 0 0 0 0 0 0 0 0 0 0 16 0 20 0 0 0 0
0 0 0 0 0 0 0 0 0 0 0 0 0 0 0 19 0 7 0 0 0
0 0 0 0 0 0 0 0 0 0 0 0 0 0 7 0 10 0 0 0 0
0 0 0 0 0 0 0 0 0 0 0 0 0 0 0 17 0 1 0 0 0
0 0 0 0 0 0 0 0 0 0 0 0 0 0 0 0 0 0 12 0 0
0 0 0 0 0 0 0 0 0 0 0 0 0 0 0 0 0 0 0 13 0
0 0 0 0 0 0 0 0 0 0 0 0 0 0 0 0 0 0 0 0 5
0 0 0 0 0 0 0 0 0 0 0 0 0 0 0 0 0 0 0 0 10
0 0 0 0 0 0 0 0 0 0 0 0 0 0 0 0 0 0 0 0 1
0 0 0 0 0 0 0 0 0 0 0 0 0 0 0 0 0 0 0 0 7
0 0 0 0 0 0 0 0 0 0 0 0 0 0 0 0 0 0 0 0 4
0 0 0 0 0 0 0 0 0 0 0 0 0 0 0 0 0 0 0 0 0
-1 2 3
2 -1 4
3 4 -1